0,0,0,0,0,0,0,0,0,0,0,0,0,0,0,0,0,0,0,0,0,0,0,0,0,0,0,0,0,0,0,0,0,0,0,0,0,0,0,0,0,0,0,0,0,0,0,0,0,0,0,0,0,0,0,0,0,0,0,0,0,0,0,0,0,0,0,0,0,0,0,0,0,0,0,0,0,0,0,0,0,0,0,0,0,0,0,0,0,0,0,0,0,0,0,0,0,0,0,0,0,0,0,0,0,0,0,0,0,0,0,0,0,0,0,0,0,0,0,0,0,0,0,0,0,0,0,0,0,0,0,0,0,0,0,0,0,0,0,0,0,0,0,0,0,0,0,0,0,0,0,0,0,0,0,0,0,0,0,0,0
0,-8.69709e-05,-0.000154435,-0.000210139,-0.000257738,-0.000299244,-0.000335906,-0.000368574,-0.000397859,-0.00042423,-0.000448052,-0.000469625,-0.000489194,-0.000506968,-0.000523127,-0.000537826,-0.0005512,-0.000563371,-0.000574446,-0.000584521,-0.000593684,-0.000602013,-0.00060958,-0.00061645,-0.000622683,-0.000628332,-0.000633449,-0.00063808,-0.000642265,-0.000646045,-0.000649455,-0.000652528,-0.000655293,-0.000657779,-0.000660012,-0.000662013,-0.000663806,-0.00066541,-0.000666843,-0.000668121,-0.000669259,-0.000670272,-0.000671172,-0.00067197,-0.000672677,-0.000673302,-0.000673855,-0.000674342,-0.000674771,-0.000675148,-0.000675479,-0.000675769,-0.000676023,-0.000676245,-0.000676439,-0.000676607,-0.000676754,-0.000676881,-0.000676991,-0.000677087,-0.000677169,-0.00067724,-0.000677301,-0.000677354,-0.000677399,-0.000677438,-0.000677471,-0.000677499,-0.000677522,-0.000677543,-0.00067756,-0.000677574,-0.000677586,-0.000677596,-0.000677604,-0.00067761,-0.000677616,-0.000677619,-0.000677622,-0.000677624,-0.000677624,-0.000677624,-0.000677622,-0.000677619,-0.000677616,-0.00067761,-0.000677604,-0.000677596,-0.000677586,-0.000677574,-0.00067756,-0.000677543,-0.000677522,-0.000677499,-0.000677471,-0.000677438,-0.000677399,-0.000677354,-0.000677301,-0.00067724,-0.000677169,-0.000677087,-0.000676991,-0.000676881,-0.000676754,-0.000676607,-0.000676439,-0.000676245,-0.000676023,-0.000675769,-0.000675479,-0.000675148,-0.000674771,-0.000674342,-0.000673855,-0.000673302,-0.000672677,-0.00067197,-0.000671172,-0.000670272,-0.000669259,-0.000668121,-0.000666843,-0.00066541,-0.000663806,-0.000662013,-0.000660012,-0.000657779,-0.000655293,-0.000652528,-0.000649455,-0.000646045,-0.000642265,-0.00063808,-0.000633449,-0.000628332,-0.000622683,-0.00061645,-0.00060958,-0.000602013,-0.000593684,-0.000584521,-0.000574446,-0.000563371,-0.0005512,-0.000537826,-0.000523127,-0.000506968,-0.000489194,-0.000469625,-0.000448052,-0.00042423,-0.000397859,-0.000368574,-0.000335906,-0.000299244,-0.000257738,-0.000210139,-0.000154435,-8.69709e-05,0
0,-0.000154435,-0.000281668,-0.000389469,-0.000482703,-0.000564514,-0.00063704,-0.000701809,-0.000759961,-0.000812381,-0.000859773,-0.000902715,-0.000941688,-0.000977101,-0.0010093,-0.00103861,-0.00106527,-0.00108954,-0.00111163,-0.00113173,-0.00115001,-0.00116663,-0.00118173,-0.00119544,-0.00120788,-0.00121916,-0.00122937,-0.00123862,-0.00124697,-0.00125452,-0.00126133,-0.00126746,-0.00127298,-0.00127795,-0.0012824,-0.0012864,-0.00128998,-0.00129319,-0.00129605,-0.0012986,-0.00130087,-0.00130289,-0.00130469,-0.00130629,-0.0013077,-0.00130895,-0.00131005,-0.00131102,-0.00131188,-0.00131263,-0.00131329,-0.00131387,-0.00131438,-0.00131482,-0.00131521,-0.00131555,-0.00131584,-0.00131609,-0.00131631,-0.00131651,-0.00131667,-0.00131681,-0.00131693,-0.00131704,-0.00131713,-0.00131721,-0.00131727,-0.00131733,-0.00131738,-0.00131742,-0.00131745,-0.00131748,-0.0013175,-0.00131752,-0.00131754,-0.00131755,-0.00131756,-0.00131757,-0.00131757,-0.00131758,-0.00131758,-0.00131758,-0.00131757,-0.00131757,-0.00131756,-0.00131755,-0.00131754,-0.00131752,-0.0013175,-0.00131748,-0.00131745,-0.00131742,-0.00131738,-0.00131733,-0.00131727,-0.00131721,-0.00131713,-0.00131704,-0.00131693,-0.00131681,-0.00131667,-0.00131651,-0.00131631,-0.00131609,-0.00131584,-0.00131555,-0.00131521,-0.00131482,-0.00131438,-0.00131387,-0.00131329,-0.00131263,-0.00131188,-0.00131102,-0.00131005,-0.00130895,-0.0013077,-0.00130629,-0.00130469,-0.00130289,-0.00130087,-0.0012986,-0.00129605,-0.00129319,-0.00128998,-0.0012864,-0.0012824,-0.00127795,-0.00127298,-0.00126746,-0.00126133,-0.00125452,-0.00124697,-0.00123862,-0.00122937,-0.00121916,-0.00120788,-0.00119544,-0.00118173,-0.00116663,-0.00115001,-0.00113173,-0.00111163,-0.00108954,-0.00106527,-0.00103861,-0.0010093,-0.000977101,-0.000941688,-0.000902715,-0.000859773,-0.000812381,-0.000759961,-0.000701809,-0.00063704,-0.000564514,-0.000482703,-0.000389469,-0.000281668,-0.000154435,0
0,-0.000210139,-0.000389469,-0.000544601,-0.000680424,-0.0008005,-0.000907457,-0.00100328,-0.00108951,-0.00116737,-0.00123784,-0.00130176,-0.00135982,-0.0014126,-0.00146063,-0.00150434,-0.00154414,-0.00158038,-0.00161336,-0.00164338,-0.00167069,-0.00169553,-0.00171809,-0.00173858,-0.00175718,-0.00177404,-0.00178931,-0.00180313,-0.00181563,-0.00182691,-0.00183709,-0.00184627,-0.00185453,-0.00186195,-0.00186862,-0.0018746,-0.00187996,-0.00188475,-0.00188903,-0.00189285,-0.00189625,-0.00189928,-0.00190197,-0.00190435,-0.00190647,-0.00190833,-0.00190999,-0.00191144,-0.00191272,-0.00191385,-0.00191484,-0.00191571,-0.00191647,-0.00191713,-0.00191771,-0.00191821,-0.00191865,-0.00191903,-0.00191936,-0.00191965,-0.00191989,-0.00192011,-0.00192029,-0.00192045,-0.00192058,-0.0019207,-0.0019208,-0.00192088,-0.00192095,-0.00192101,-0.00192106,-0.0019211,-0.00192114,-0.00192117,-0.00192119,-0.00192121,-0.00192123,-0.00192124,-0.00192125,-0.00192125,-0.00192125,-0.00192125,-0.00192125,-0.00192124,-0.00192123,-0.00192121,-0.00192119,-0.00192117,-0.00192114,-0.0019211,-0.00192106,-0.00192101,-0.00192095,-0.00192088,-0.0019208,-0.0019207,-0.00192058,-0.00192045,-0.00192029,-0.00192011,-0.00191989,-0.00191965,-0.00191936,-0.00191903,-0.00191865,-0.00191821,-0.00191771,-0.00191713,-0.00191647,-0.00191571,-0.00191484,-0.00191385,-0.00191272,-0.00191144,-0.00190999,-0.00190833,-0.00190647,-0.00190435,-0.00190197,-0.00189928,-0.00189625,-0.00189285,-0.00188903,-0.00188475,-0.00187996,-0.0018746,-0.00186862,-0.00186195,-0.00185453,-0.00184627,-0.00183709,-0.00182691,-0.00181563,-0.00180313,-0.00178931,-0.00177404,-0.00175718,-0.00173858,-0.00171809,-0.00169553,-0.00167069,-0.00164338,-0.00161336,-0.00158038,-0.00154414,-0.00150434,-0.00146063,-0.0014126,-0.00135982,-0.00130176,-0.00123784,-0.00116737,-0.00108951,-0.00100328,-0.000907457,-0.0008005,-0.000680424,-0.000544601,-0.000389469,-0.000210139,0
0,-0.000257738,-0.000482703,-0.000680424,-0.00085542,-0.00101128,-0.00115083,-0.00127631,-0.00138953,-0.00149197,-0.00158484,-0.00166918,-0.00174586,-0.00181563,-0.00187915,-0.001937,-0.0019897,-0.0020377,-0.00208141,-0.0021212,-0.00215741,-0.00219034,-0.00222027,-0.00224746,-0.00227213,-0.00229451,-0.00231478,-0.00233313,-0.00234971,-0.0023647,-0.00237822,-0.00239041,-0.00240137,-0.00241124,-0.00242009,-0.00242804,-0.00243515,-0.00244152,-0.00244721,-0.00245228,-0.0024568,-0.00246082,-0.0024644,-0.00246757,-0.00247038,-0.00247286,-0.00247506,-0.00247699,-0.00247869,-0.00248019,-0.00248151,-0.00248266,-0.00248367,-0.00248455,-0.00248532,-0.00248599,-0.00248657,-0.00248708,-0.00248752,-0.0024879,-0.00248823,-0.00248851,-0.00248875,-0.00248896,-0.00248914,-0.00248929,-0.00248942,-0.00248954,-0.00248963,-0.00248971,-0.00248978,-0.00248984,-0.00248988,-0.00248992,-0.00248995,-0.00248998,-0.00249,-0.00249002,-0.00249003,-0.00249003,-0.00249004,-0.00249003,-0.00249003,-0.00249002,-0.00249,-0.00248998,-0.00248995,-0.00248992,-0.00248988,-0.00248984,-0.00248978,-0.00248971,-0.00248963,-0.00248954,-0.00248942,-0.00248929,-0.00248914,-0.00248896,-0.00248875,-0.00248851,-0.00248823,-0.0024879,-0.00248752,-0.00248708,-0.00248657,-0.00248599,-0.00248532,-0.00248455,-0.00248367,-0.00248266,-0.00248151,-0.00248019,-0.00247869,-0.00247699,-0.00247506,-0.00247286,-0.00247038,-0.00246757,-0.0024644,-0.00246082,-0.0024568,-0.00245228,-0.00244721,-0.00244152,-0.00243515,-0.00242804,-0.00242009,-0.00241124,-0.00240137,-0.00239041,-0.00237822,-0.0023647,-0.00234971,-0.00233313,-0.00231478,-0.00229451,-0.00227213,-0.00224746,-0.00222027,-0.00219034,-0.00215741,-0.0021212,-0.00208141,-0.0020377,-0.0019897,-0.001937,-0.00187915,-0.00181563,-0.00174586,-0.00166918,-0.00158484,-0.00149197,-0.00138953,-0.00127631,-0.00115083,-0.00101128,-0.00085542,-0.000680424,-0.000482703,-0.000257738,0
0,-0.000299244,-0.000564514,-0.0008005,-0.00101128,-0.00120028,-0.00137037,-0.0015239,-0.00166283,-0.00178881,-0.00190323,-0.00200729,-0.002102,-0.00218827,-0.00226688,-0.00233852,-0.00240381,-0.00246331,-0.00251752,-0.00256689,-0.00261183,-0.00265271,-0.00268988,-0.00272365,-0.0027543,-0.0027821,-0.00280729,-0.0028301,-0.00285072,-0.00286935,-0.00288617,-0.00290132,-0.00291496,-0.00292723,-0.00293825,-0.00294813,-0.00295699,-0.00296491,-0.00297199,-0.0029783,-0.00298393,-0.00298893,-0.00299338,-0.00299733,-0.00300082,-0.00300391,-0.00300665,-0.00300906,-0.00301118,-0.00301304,-0.00301468,-0.00301612,-0.00301737,-0.00301847,-0.00301943,-0.00302026,-0.00302099,-0.00302162,-0.00302216,-0.00302264,-0.00302305,-0.0030234,-0.0030237,-0.00302396,-0.00302418,-0.00302437,-0.00302454,-0.00302468,-0.00302479,-0.00302489,-0.00302498,-0.00302505,-0.00302511,-0.00302516,-0.0030252,-0.00302523,-0.00302526,-0.00302527,-0.00302529,-0.0030253,-0.0030253,-0.0030253,-0.00302529,-0.00302527,-0.00302526,-0.00302523,-0.0030252,-0.00302516,-0.00302511,-0.00302505,-0.00302498,-0.00302489,-0.00302479,-0.00302468,-0.00302454,-0.00302437,-0.00302418,-0.00302396,-0.0030237,-0.0030234,-0.00302305,-0.00302264,-0.00302216,-0.00302162,-0.00302099,-0.00302026,-0.00301943,-0.00301847,-0.00301737,-0.00301612,-0.00301468,-0.00301304,-0.00301118,-0.00300906,-0.00300665,-0.00300391,-0.00300082,-0.00299733,-0.00299338,-0.00298893,-0.00298393,-0.0029783,-0.00297199,-0.00296491,-0.00295699,-0.00294813,-0.00293825,-0.00292723,-0.00291496,-0.00290132,-0.00288617,-0.00286935,-0.00285072,-0.0028301,-0.00280729,-0.0027821,-0.0027543,-0.00272365,-0.00268988,-0.00265271,-0.00261183,-0.00256689,-0.00251752,-0.00246331,-0.00240381,-0.00233852,-0.00226688,-0.00218827,-0.002102,-0.00200729,-0.00190323,-0.00178881,-0.00166283,-0.0015239,-0.00137037,-0.00120028,-0.00101128,-0.0008005,-0.000564514,-0.000299244,0
0,-0.000335906,-0.00063704,-0.000907457,-0.00115083,-0.00137037,-0.00156887,-0.00174872,-0.00191194,-0.0020603,-0.00219531,-0.00231828,-0.00243036,-0.00253254,-0.00262574,-0.00271075,-0.00278828,-0.00285897,-0.00292341,-0.00298212,-0.00303558,-0.00308424,-0.00312848,-0.0031687,-0.00320521,-0.00323833,-0.00326835,-0.00329553,-0.00332011,-0.00334233,-0.00336237,-0.00338045,-0.00339672,-0.00341136,-0.0034245,-0.00343629,-0.00344686,-0.00345631,-0.00346476,-0.00347229,-0.00347901,-0.00348498,-0.00349029,-0.003495,-0.00349918,-0.00350287,-0.00350613,-0.00350901,-0.00351154,-0.00351377,-0.00351573,-0.00351744,-0.00351894,-0.00352025,-0.0035214,-0.00352239,-0.00352326,-0.00352401,-0.00352466,-0.00352523,-0.00352572,-0.00352614,-0.0035265,-0.00352681,-0.00352708,-0.0035273,-0.0035275,-0.00352767,-0.00352781,-0.00352793,-0.00352803,-0.00352811,-0.00352818,-0.00352824,-0.00352829,-0.00352833,-0.00352836,-0.00352838,-0.0035284,-0.00352841,-0.00352841,-0.00352841,-0.0035284,-0.00352838,-0.00352836,-0.00352833,-0.00352829,-0.00352824,-0.00352818,-0.00352811,-0.00352803,-0.00352793,-0.00352781,-0.00352767,-0.0035275,-0.0035273,-0.00352708,-0.00352681,-0.0035265,-0.00352614,-0.00352572,-0.00352523,-0.00352466,-0.00352401,-0.00352326,-0.00352239,-0.0035214,-0.00352025,-0.00351894,-0.00351744,-0.00351573,-0.00351377,-0.00351154,-0.00350901,-0.00350613,-0.00350287,-0.00349918,-0.003495,-0.00349029,-0.00348498,-0.00347901,-0.00347229,-0.00346476,-0.00345631,-0.00344686,-0.00343629,-0.0034245,-0.00341136,-0.00339672,-0.00338045,-0.00336237,-0.00334233,-0.00332011,-0.00329553,-0.00326835,-0.00323833,-0.00320521,-0.0031687,-0.00312848,-0.00308424,-0.00303558,-0.00298212,-0.00292341,-0.00285897,-0.00278828,-0.00271075,-0.00262574,-0.00253254,-0.00243036,-0.00231828,-0.00219531,-0.0020603,-0.00191194,-0.00174872,-0.00156887,-0.00137037,-0.00115083,-0.000907457,-0.00063704,-0.000335906,0
0,-0.000368574,-0.000701809,-0.00100328,-0.00127631,-0.0015239,-0.00174872,-0.00195312,-0.00213917,-0.00230867,-0.00246322,-0.00260422,-0.0027329,-0.00285037,-0.00295761,-0.00305551,-0.00314486,-0.00322639,-0.00330074,-0.00336852,-0.00343027,-0.00348649,-0.00353764,-0.00358413,-0.00362636,-0.00366468,-0.00369941,-0.00373087,-0.00375933,-0.00378505,-0.00380827,-0.0038292,-0.00384805,-0.00386501,-0.00388024,-0.00389391,-0.00390615,-0.00391711,-0.0039269,-0.00393563,-0.00394342,-0.00395035,-0.0039565,-0.00396197,-0.00396681,-0.00397109,-0.00397487,-0.00397821,-0.00398115,-0.00398373,-0.003986,-0.00398799,-0.00398973,-0.00399125,-0.00399258,-0.00399374,-0.00399474,-0.00399562,-0.00399637,-0.00399703,-0.00399759,-0.00399808,-0.0039985,-0.00399886,-0.00399917,-0.00399944,-0.00399966,-0.00399986,-0.00400002,-0.00400016,-0.00400028,-0.00400037,-0.00400046,-0.00400052,-0.00400058,-0.00400062,-0.00400066,-0.00400069,-0.0040007,-0.00400071,-0.00400072,-0.00400071,-0.0040007,-0.00400069,-0.00400066,-0.00400062,-0.00400058,-0.00400052,-0.00400046,-0.00400037,-0.00400028,-0.00400016,-0.00400002,-0.00399986,-0.00399966,-0.00399944,-0.00399917,-0.00399886,-0.0039985,-0.00399808,-0.00399759,-0.00399703,-0.00399637,-0.00399562,-0.00399474,-0.00399374,-0.00399258,-0.00399125,-0.00398973,-0.00398799,-0.003986,-0.00398373,-0.00398115,-0.00397821,-0.00397487,-0.00397109,-0.00396681,-0.00396197,-0.0039565,-0.00395035,-0.00394342,-0.00393563,-0.0039269,-0.00391711,-0.00390615,-0.00389391,-0.00388024,-0.00386501,-0.00384805,-0.0038292,-0.00380827,-0.00378505,-0.00375933,-0.00373087,-0.00369941,-0.00366468,-0.00362636,-0.00358413,-0.00353764,-0.00348649,-0.00343027,-0.00336852,-0.00330074,-0.00322639,-0.00314486,-0.00305551,-0.00295761,-0.00285037,-0.0027329,-0.00260422,-0.00246322,-0.00230867,-0.00213917,-0.00195312,-0.00174872,-0.0015239,-0.00127631,-0.00100328,-0.000701809,-0.000368574,0
0,-0.000397859,-0.000759961,-0.00108951,-0.00138953,-0.00166283,-0.00191194,-0.00213917,-0.00234655,-0.00253593,-0.00270894,-0.00286703,-0.00301152,-0.00314358,-0.00326426,-0.00337453,-0.00347525,-0.00356722,-0.00365115,-0.00372769,-0.00379747,-0.00386102,-0.00391886,-0.00397145,-0.00401924,-0.00406261,-0.00410194,-0.00413757,-0.00416981,-0.00419895,-0.00422526,-0.00424898,-0.00427035,-0.00428958,-0.00430685,-0.00432234,-0.00433623,-0.00434866,-0.00435977,-0.00436968,-0.00437851,-0.00438638,-0.00439336,-0.00439956,-0.00440506,-0.00440992,-0.00441421,-0.004418,-0.00442134,-0.00442427,-0.00442685,-0.00442911,-0.00443108,-0.00443281,-0.00443432,-0.00443563,-0.00443678,-0.00443777,-0.00443863,-0.00443937,-0.00444001,-0.00444057,-0.00444105,-0.00444146,-0.00444181,-0.00444211,-0.00444236,-0.00444258,-0.00444277,-0.00444293,-0.00444306,-0.00444317,-0.00444327,-0.00444334,-0.00444341,-0.00444346,-0.0044435,-0.00444353,-0.00444355,-0.00444356,-0.00444356,-0.00444356,-0.00444355,-0.00444353,-0.0044435,-0.00444346,-0.00444341,-0.00444334,-0.00444327,-0.00444317,-0.00444306,-0.00444293,-0.00444277,-0.00444258,-0.00444236,-0.00444211,-0.00444181,-0.00444146,-0.00444105,-0.00444057,-0.00444001,-0.00443937,-0.00443863,-0.00443777,-0.00443678,-0.00443563,-0.00443432,-0.00443281,-0.00443108,-0.00442911,-0.00442685,-0.00442427,-0.00442134,-0.004418,-0.00441421,-0.00440992,-0.00440506,-0.00439956,-0.00439336,-0.00438638,-0.00437851,-0.00436968,-0.00435977,-0.00434866,-0.00433623,-0.00432234,-0.00430685,-0.00428958,-0.00427035,-0.00424898,-0.00422526,-0.00419895,-0.00416981,-0.00413757,-0.00410194,-0.00406261,-0.00401924,-0.00397145,-0.00391886,-0.00386102,-0.00379747,-0.00372769,-0.00365115,-0.00356722,-0.00347525,-0.00337453,-0.00326426,-0.00314358,-0.00301152,-0.00286703,-0.00270894,-0.00253593,-0.00234655,-0.00213917,-0.00191194,-0.00166283,-0.00138953,-0.00108951,-0.000759961,-0.000397859,0
0,-0.00042423,-0.000812381,-0.00116737,-0.00149197,-0.00178881,-0.0020603,-0.00230867,-0.00253593,-0.00274391,-0.00293427,-0.0031085,-0.00326796,-0.00341388,-0.00354738,-0.00366947,-0.00378108,-0.00388306,-0.00397619,-0.00406118,-0.00413868,-0.00420931,-0.00427362,-0.00433212,-0.00438528,-0.00443356,-0.00447735,-0.00451702,-0.00455293,-0.0045854,-0.00461472,-0.00464116,-0.00466498,-0.00468642,-0.00470568,-0.00472296,-0.00473845,-0.00475232,-0.00476471,-0.00477577,-0.00478563,-0.0047944,-0.0048022,-0.00480912,-0.00481526,-0.00482068,-0.00482548,-0.00482971,-0.00483343,-0.00483671,-0.00483959,-0.00484211,-0.00484432,-0.00484625,-0.00484793,-0.0048494,-0.00485068,-0.00485178,-0.00485274,-0.00485358,-0.00485429,-0.00485491,-0.00485545,-0.0048559,-0.0048563,-0.00485663,-0.00485692,-0.00485717,-0.00485737,-0.00485755,-0.0048577,-0.00485782,-0.00485793,-0.00485801,-0.00485808,-0.00485814,-0.00485819,-0.00485822,-0.00485824,-0.00485826,-0.00485826,-0.00485826,-0.00485824,-0.00485822,-0.00485819,-0.00485814,-0.00485808,-0.00485801,-0.00485793,-0.00485782,-0.0048577,-0.00485755,-0.00485737,-0.00485717,-0.00485692,-0.00485663,-0.0048563,-0.0048559,-0.00485545,-0.00485491,-0.00485429,-0.00485358,-0.00485274,-0.00485178,-0.00485068,-0.0048494,-0.00484793,-0.00484625,-0.00484432,-0.00484211,-0.00483959,-0.00483671,-0.00483343,-0.00482971,-0.00482548,-0.00482068,-0.00481526,-0.00480912,-0.0048022,-0.0047944,-0.00478563,-0.00477577,-0.00476471,-0.00475232,-0.00473845,-0.00472296,-0.00470568,-0.00468642,-0.00466498,-0.00464116,-0.00461472,-0.0045854,-0.00455293,-0.00451702,-0.00447735,-0.00443356,-0.00438528,-0.00433212,-0.00427362,-0.00420931,-0.00413868,-0.00406118,-0.00397619,-0.00388306,-0.00378108,-0.00366947,-0.00354738,-0.00341388,-0.00326796,-0.0031085,-0.00293427,-0.00274391,-0.00253593,-0.00230867,-0.0020603,-0.00178881,-0.00149197,-0.00116737,-0.000812381,-0.00042423,0
0,-0.000448052,-0.000859773,-0.00123784,-0.00158484,-0.00190323,-0.00219531,-0.00246322,-0.00270894,-0.00293427,-0.00314087,-0.00333027,-0.00350386,-0.0036629,-0.00380855,-0.00394189,-0.00406388,-0.00417544,-0.00427737,-0.00437046,-0.00445539,-0.00453282,-0.00460336,-0.00466755,-0.00472591,-0.00477892,-0.00482702,-0.00487061,-0.00491008,-0.00494577,-0.00497801,-0.00500709,-0.00503329,-0.00505687,-0.00507806,-0.00509708,-0.00511413,-0.00512939,-0.00514304,-0.00515522,-0.00516607,-0.00517574,-0.00518433,-0.00519195,-0.00519871,-0.00520469,-0.00520997,-0.00521463,-0.00521874,-0.00522235,-0.00522552,-0.0052283,-0.00523073,-0.00523286,-0.00523472,-0.00523634,-0.00523774,-0.00523896,-0.00524002,-0.00524094,-0.00524173,-0.00524241,-0.005243,-0.00524351,-0.00524394,-0.00524431,-0.00524463,-0.0052449,-0.00524513,-0.00524532,-0.00524549,-0.00524562,-0.00524574,-0.00524583,-0.00524591,-0.00524597,-0.00524602,-0.00524606,-0.00524609,-0.0052461,-0.00524611,-0.0052461,-0.00524609,-0.00524606,-0.00524602,-0.00524597,-0.00524591,-0.00524583,-0.00524574,-0.00524562,-0.00524549,-0.00524532,-0.00524513,-0.0052449,-0.00524463,-0.00524431,-0.00524394,-0.00524351,-0.005243,-0.00524241,-0.00524173,-0.00524094,-0.00524002,-0.00523896,-0.00523774,-0.00523634,-0.00523472,-0.00523286,-0.00523073,-0.0052283,-0.00522552,-0.00522235,-0.00521874,-0.00521463,-0.00520997,-0.00520469,-0.00519871,-0.00519195,-0.00518433,-0.00517574,-0.00516607,-0.00515522,-0.00514304,-0.00512939,-0.00511413,-0.00509708,-0.00507806,-0.00505687,-0.00503329,-0.00500709,-0.00497801,-0.00494577,-0.00491008,-0.00487061,-0.00482702,-0.00477892,-0.00472591,-0.00466755,-0.00460336,-0.00453282,-0.00445539,-0.00437046,-0.00427737,-0.00417544,-0.00406388,-0.00394189,-0.00380855,-0.0036629,-0.00350386,-0.00333027,-0.00314087,-0.00293427,-0.00270894,-0.00246322,-0.00219531,-0.00190323,-0.00158484,-0.00123784,-0.000859773,-0.000448052,0
0,-0.000469625,-0.000902715,-0.00130176,-0.00166918,-0.00200729,-0.00231828,-0.00260422,-0.00286703,-0.0031085,-0.00333027,-0.00353389,-0.00372075,-0.00389216,-0.00404931,-0.0041933,-0.00432516,-0.00444582,-0.00455615,-0.00465697,-0.00474901,-0.00483297,-0.00490948,-0.00497914,-0.0050425,-0.00510006,-0.00515231,-0.00519968,-0.00524258,-0.00528139,-0.00531644,-0.00534807,-0.00537658,-0.00540224,-0.0054253,-0.00544601,-0.00546457,-0.00548119,-0.00549605,-0.00550931,-0.00552114,-0.00553167,-0.00554103,-0.00554933,-0.0055567,-0.00556321,-0.00556897,-0.00557405,-0.00557853,-0.00558246,-0.00558592,-0.00558895,-0.00559161,-0.00559393,-0.00559595,-0.00559772,-0.00559925,-0.00560058,-0.00560174,-0.00560274,-0.0056036,-0.00560435,-0.00560499,-0.00560554,-0.00560601,-0.00560642,-0.00560676,-0.00560706,-0.00560731,-0.00560752,-0.0056077,-0.00560785,-0.00560797,-0.00560808,-0.00560816,-0.00560823,-0.00560828,-0.00560832,-0.00560835,-0.00560837,-0.00560837,-0.00560837,-0.00560835,-0.00560832,-0.00560828,-0.00560823,-0.00560816,-0.00560808,-0.00560797,-0.00560785,-0.0056077,-0.00560752,-0.00560731,-0.00560706,-0.00560676,-0.00560642,-0.00560601,-0.00560554,-0.00560499,-0.00560435,-0.0056036,-0.00560274,-0.00560174,-0.00560058,-0.00559925,-0.00559772,-0.00559595,-0.00559393,-0.00559161,-0.00558895,-0.00558592,-0.00558246,-0.00557853,-0.00557405,-0.00556897,-0.00556321,-0.0055567,-0.00554933,-0.00554103,-0.00553167,-0.00552114,-0.00550931,-0.00549605,-0.00548119,-0.00546457,-0.00544601,-0.0054253,-0.00540224,-0.00537658,-0.00534807,-0.00531644,-0.00528139,-0.00524258,-0.00519968,-0.00515231,-0.00510006,-0.0050425,-0.00497914,-0.00490948,-0.00483297,-0.00474901,-0.00465697,-0.00455615,-0.00444582,-0.00432516,-0.0041933,-0.00404931,-0.00389216,-0.00372075,-0.00353389,-0.00333027,-0.0031085,-0.00286703,-0.00260422,-0.00231828,-0.00200729,-0.00166918,-0.00130176,-0.000902715,-0.000469625,0
0,-0.000489194,-0.000941688,-0.00135982,-0.00174586,-0.002102,-0.00243036,-0.0027329,-0.00301152,-0.00326796,-0.00350386,-0.00372075,-0.00392006,-0.00410308,-0.00427106,-0.00442511,-0.0045663,-0.00469561,-0.00481392,-0.0049221,-0.00502092,-0.0051111,-0.00519332,-0.00526822,-0.00533637,-0.00539831,-0.00545454,-0.00550555,-0.00555175,-0.00559355,-0.00563132,-0.00566541,-0.00569614,-0.00572381,-0.00574868,-0.00577102,-0.00579104,-0.00580897,-0.005825,-0.00583932,-0.00585208,-0.00586345,-0.00587355,-0.00588252,-0.00589048,-0.00589751,-0.00590373,-0.00590922,-0.00591406,-0.00591831,-0.00592204,-0.00592532,-0.00592819,-0.0059307,-0.00593288,-0.00593479,-0.00593645,-0.00593789,-0.00593914,-0.00594022,-0.00594115,-0.00594196,-0.00594265,-0.00594325,-0.00594376,-0.0059442,-0.00594457,-0.00594489,-0.00594516,-0.00594539,-0.00594558,-0.00594574,-0.00594588,-0.00594599,-0.00594608,-0.00594616,-0.00594622,-0.00594626,-0.00594629,-0.00594631,-0.00594631,-0.00594631,-0.00594629,-0.00594626,-0.00594622,-0.00594616,-0.00594608,-0.00594599,-0.00594588,-0.00594574,-0.00594558,-0.00594539,-0.00594516,-0.00594489,-0.00594457,-0.0059442,-0.00594376,-0.00594325,-0.00594265,-0.00594196,-0.00594115,-0.00594022,-0.00593914,-0.00593789,-0.00593645,-0.00593479,-0.00593288,-0.0059307,-0.00592819,-0.00592532,-0.00592204,-0.00591831,-0.00591406,-0.00590922,-0.00590373,-0.00589751,-0.00589048,-0.00588252,-0.00587355,-0.00586345,-0.00585208,-0.00583932,-0.005825,-0.00580897,-0.00579104,-0.00577102,-0.00574868,-0.00572381,-0.00569614,-0.00566541,-0.00563132,-0.00559355,-0.00555175,-0.00550555,-0.00545454,-0.00539831,-0.00533637,-0.00526822,-0.00519332,-0.0051111,-0.00502092,-0.0049221,-0.00481392,-0.00469561,-0.0045663,-0.00442511,-0.00427106,-0.00410308,-0.00392006,-0.00372075,-0.00350386,-0.00326796,-0.00301152,-0.0027329,-0.00243036,-0.002102,-0.00174586,-0.00135982,-0.000941688,-0.000489194,0
0,-0.000506968,-0.000977101,-0.0014126,-0.00181563,-0.00218827,-0.00253254,-0.00285037,-0.00314358,-0.00341388,-0.0036629,-0.00389216,-0.00410308,-0.00429699,-0.00447514,-0.00463867,-0.00478866,-0.00492613,-0.00505201,-0.00516717,-0.00527242,-0.00536853,-0.0054562,-0.00553609,-0.00560881,-0.00567493,-0.00573499,-0.00578947,-0.00583884,-0.00588352,-0.0059239,-0.00596036,-0.00599323,-0.00602283,-0.00604944,-0.00607334,-0.00609478,-0.00611397,-0.00613114,-0.00614647,-0.00616014,-0.00617232,-0.00618314,-0.00619275,-0.00620127,-0.00620882,-0.00621548,-0.00622136,-0.00622655,-0.00623111,-0.00623511,-0.00623863,-0.0062417,-0.00624439,-0.00624674,-0.00624878,-0.00625056,-0.0062521,-0.00625344,-0.0062546,-0.0062556,-0.00625647,-0.00625721,-0.00625785,-0.0062584,-0.00625887,-0.00625927,-0.00625961,-0.0062599,-0.00626015,-0.00626036,-0.00626053,-0.00626068,-0.0062608,-0.0062609,-0.00626097,-0.00626104,-0.00626108,-0.00626112,-0.00626113,-0.00626114,-0.00626113,-0.00626112,-0.00626108,-0.00626104,-0.00626097,-0.0062609,-0.0062608,-0.00626068,-0.00626053,-0.00626036,-0.00626015,-0.0062599,-0.00625961,-0.00625927,-0.00625887,-0.0062584,-0.00625785,-0.00625721,-0.00625647,-0.0062556,-0.0062546,-0.00625344,-0.0062521,-0.00625056,-0.00624878,-0.00624674,-0.00624439,-0.0062417,-0.00623863,-0.00623511,-0.00623111,-0.00622655,-0.00622136,-0.00621548,-0.00620882,-0.00620127,-0.00619275,-0.00618314,-0.00617232,-0.00616014,-0.00614647,-0.00613114,-0.00611397,-0.00609478,-0.00607334,-0.00604944,-0.00602283,-0.00599323,-0.00596036,-0.0059239,-0.00588352,-0.00583884,-0.00578947,-0.00573499,-0.00567493,-0.00560881,-0.00553609,-0.0054562,-0.00536853,-0.00527242,-0.00516717,-0.00505201,-0.00492613,-0.00478866,-0.00463867,-0.00447514,-0.00429699,-0.00410308,-0.00389216,-0.0036629,-0.00341388,-0.00314358,-0.00285037,-0.00253254,-0.00218827,-0.00181563,-0.0014126,-0.000977101,-0.000506968,0
0,-0.000523127,-0.0010093,-0.00146063,-0.00187915,-0.00226688,-0.00262574,-0.00295761,-0.00326426,-0.00354738,-0.00380855,-0.00404931,-0.00427106,-0.00447514,-0.0046628,-0.00483522,-0.0049935,-0.00513866,-0.00527167,-0.00539343,-0.00550479,-0.00560652,-0.00569936,-0.005784,-0.00586108,-0.00593119,-0.00599489,-0.00605269,-0.00610509,-0.00615252,-0.00619541,-0.00623413,-0.00626905,-0.0063005,-0.00632879,-0.0063542,-0.00637699,-0.00639741,-0.00641567,-0.00643197,-0.00644652,-0.00645947,-0.00647099,-0.00648122,-0.00649029,-0.00649832,-0.00650542,-0.00651168,-0.0065172,-0.00652205,-0.00652632,-0.00653006,-0.00653334,-0.0065362,-0.0065387,-0.00654088,-0.00654277,-0.00654442,-0.00654585,-0.00654708,-0.00654815,-0.00654907,-0.00654986,-0.00655055,-0.00655113,-0.00655163,-0.00655206,-0.00655242,-0.00655273,-0.006553,-0.00655322,-0.0065534,-0.00655356,-0.00655369,-0.00655379,-0.00655388,-0.00655394,-0.00655399,-0.00655403,-0.00655405,-0.00655405,-0.00655405,-0.00655403,-0.00655399,-0.00655394,-0.00655388,-0.00655379,-0.00655369,-0.00655356,-0.0065534,-0.00655322,-0.006553,-0.00655273,-0.00655242,-0.00655206,-0.00655163,-0.00655113,-0.00655055,-0.00654986,-0.00654907,-0.00654815,-0.00654708,-0.00654585,-0.00654442,-0.00654277,-0.00654088,-0.0065387,-0.0065362,-0.00653334,-0.00653006,-0.00652632,-0.00652205,-0.0065172,-0.00651168,-0.00650542,-0.00649832,-0.00649029,-0.00648122,-0.00647099,-0.00645947,-0.00644652,-0.00643197,-0.00641567,-0.00639741,-0.00637699,-0.0063542,-0.00632879,-0.0063005,-0.00626905,-0.00623413,-0.00619541,-0.00615252,-0.00610509,-0.00605269,-0.00599489,-0.00593119,-0.00586108,-0.005784,-0.00569936,-0.00560652,-0.00550479,-0.00539343,-0.00527167,-0.00513866,-0.0049935,-0.00483522,-0.0046628,-0.00447514,-0.00427106,-0.00404931,-0.00380855,-0.00354738,-0.00326426,-0.00295761,-0.00262574,-0.00226688,-0.00187915,-0.00146063,-0.0010093,-0.000523127,0
0,-0.000537826,-0.00103861,-0.00150434,-0.001937,-0.00233852,-0.00271075,-0.00305551,-0.00337453,-0.00366947,-0.00394189,-0.0041933,-0.00442511,-0.00463867,-0.00483522,-0.00501596,-0.005182,-0.00533439,-0.00547412,-0.00560211,-0.00571922,-0.00582627,-0.00592401,-0.00601316,-0.00609437,-0.00616827,-0.00623543,-0.00629641,-0.00635169,-0.00640175,-0.00644702,-0.00648791,-0.0065248,-0.00655802,-0.00658791,-0.00661477,-0.00663886,-0.00666044,-0.00667975,-0.00669699,-0.00671238,-0.00672608,-0.00673827,-0.00674909,-0.00675869,-0.00676719,-0.0067747,-0.00678133,-0.00678717,-0.00679231,-0.00679683,-0.00680079,-0.00680426,-0.0068073,-0.00680994,-0.00681225,-0.00681426,-0.006816,-0.00681751,-0.00681882,-0.00681995,-0.00682093,-0.00682177,-0.00682249,-0.00682311,-0.00682364,-0.0068241,-0.00682448,-0.00682481,-0.00682509,-0.00682532,-0.00682552,-0.00682568,-0.00682582,-0.00682593,-0.00682602,-0.00682609,-0.00682614,-0.00682618,-0.0068262,-0.00682621,-0.0068262,-0.00682618,-0.00682614,-0.00682609,-0.00682602,-0.00682593,-0.00682582,-0.00682568,-0.00682552,-0.00682532,-0.00682509,-0.00682481,-0.00682448,-0.0068241,-0.00682364,-0.00682311,-0.00682249,-0.00682177,-0.00682093,-0.00681995,-0.00681882,-0.00681751,-0.006816,-0.00681426,-0.00681225,-0.00680994,-0.0068073,-0.00680426,-0.00680079,-0.00679683,-0.00679231,-0.00678717,-0.00678133,-0.0067747,-0.00676719,-0.00675869,-0.00674909,-0.00673827,-0.00672608,-0.00671238,-0.00669699,-0.00667975,-0.00666044,-0.00663886,-0.00661477,-0.00658791,-0.00655802,-0.0065248,-0.00648791,-0.00644702,-0.00640175,-0.00635169,-0.00629641,-0.00623543,-0.00616827,-0.00609437,-0.00601316,-0.00592401,-0.00582627,-0.00571922,-0.00560211,-0.00547412,-0.00533439,-0.005182,-0.00501596,-0.00483522,-0.00463867,-0.00442511,-0.0041933,-0.00394189,-0.00366947,-0.00337453,-0.00305551,-0.00271075,-0.00233852,-0.001937,-0.00150434,-0.00103861,-0.000537826,0
0,-0.0005512,-0.00106527,-0.00154414,-0.0019897,-0.00240381,-0.00278828,-0.00314486,-0.00347525,-0.00378108,-0.00406388,-0.00432516,-0.0045663,-0.00478866,-0.0049935,-0.005182,-0.0053553,-0.00551447,-0.0056605,-0.00579434,-0.00591688,-0.00602894,-0.00613131,-0.00622471,-0.00630984,-0.00638733,-0.00645778,-0.00652176,-0.00657979,-0.00663235,-0.0066799,-0.00672285,-0.00676161,-0.00679653,-0.00682795,-0.00685618,-0.00688152,-0.00690422,-0.00692453,-0.00694267,-0.00695886,-0.00697328,-0.00698611,-0.0069975,-0.00700761,-0.00701655,-0.00702447,-0.00703145,-0.0070376,-0.00704302,-0.00704778,-0.00705195,-0.00705561,-0.0070588,-0.00706159,-0.00706402,-0.00706614,-0.00706798,-0.00706957,-0.00707095,-0.00707214,-0.00707317,-0.00707406,-0.00707482,-0.00707547,-0.00707603,-0.00707651,-0.00707692,-0.00707726,-0.00707756,-0.0070778,-0.00707801,-0.00707819,-0.00707833,-0.00707845,-0.00707854,-0.00707862,-0.00707867,-0.00707871,-0.00707873,-0.00707874,-0.00707873,-0.00707871,-0.00707867,-0.00707862,-0.00707854,-0.00707845,-0.00707833,-0.00707819,-0.00707801,-0.0070778,-0.00707756,-0.00707726,-0.00707692,-0.00707651,-0.00707603,-0.00707547,-0.00707482,-0.00707406,-0.00707317,-0.00707214,-0.00707095,-0.00706957,-0.00706798,-0.00706614,-0.00706402,-0.00706159,-0.0070588,-0.00705561,-0.00705195,-0.00704778,-0.00704302,-0.0070376,-0.00703145,-0.00702447,-0.00701655,-0.00700761,-0.0069975,-0.00698611,-0.00697328,-0.00695886,-0.00694267,-0.00692453,-0.00690422,-0.00688152,-0.00685618,-0.00682795,-0.00679653,-0.00676161,-0.00672285,-0.0066799,-0.00663235,-0.00657979,-0.00652176,-0.00645778,-0.00638733,-0.00630984,-0.00622471,-0.00613131,-0.00602894,-0.00591688,-0.00579434,-0.0056605,-0.00551447,-0.0053553,-0.005182,-0.0049935,-0.00478866,-0.0045663,-0.00432516,-0.00406388,-0.00378108,-0.00347525,-0.00314486,-0.00278828,-0.00240381,-0.0019897,-0.00154414,-0.00106527,-0.0005512,0
0,-0.000563371,-0.00108954,-0.00158038,-0.0020377,-0.00246331,-0.00285897,-0.00322639,-0.00356722,-0.00388306,-0.00417544,-0.00444582,-0.00469561,-0.00492613,-0.00513866,-0.00533439,-0.00551447,-0.00567997,-0.0058319,-0.00597123,-0.00609886,-0.00621563,-0.00632235,-0.00641977,-0.00650859,-0.00658948,-0.00666304,-0.00672987,-0.0067905,-0.00684543,-0.00689514,-0.00694005,-0.00698059,-0.00701712,-0.00705,-0.00707955,-0.00710607,-0.00712983,-0.0071511,-0.00717011,-0.00718706,-0.00720217,-0.00721561,-0.00722755,-0.00723814,-0.00724752,-0.00725581,-0.00726313,-0.00726958,-0.00727526,-0.00728025,-0.00728463,-0.00728846,-0.00729182,-0.00729474,-0.0072973,-0.00729952,-0.00730144,-0.00730312,-0.00730456,-0.00730582,-0.00730689,-0.00730782,-0.00730862,-0.00730931,-0.0073099,-0.0073104,-0.00731083,-0.00731119,-0.0073115,-0.00731176,-0.00731198,-0.00731216,-0.00731231,-0.00731243,-0.00731253,-0.00731261,-0.00731267,-0.00731271,-0.00731273,-0.00731274,-0.00731273,-0.00731271,-0.00731267,-0.00731261,-0.00731253,-0.00731243,-0.00731231,-0.00731216,-0.00731198,-0.00731176,-0.0073115,-0.00731119,-0.00731083,-0.0073104,-0.0073099,-0.00730931,-0.00730862,-0.00730782,-0.00730689,-0.00730582,-0.00730456,-0.00730312,-0.00730144,-0.00729952,-0.0072973,-0.00729474,-0.00729182,-0.00728846,-0.00728463,-0.00728025,-0.00727526,-0.00726958,-0.00726313,-0.00725581,-0.00724752,-0.00723814,-0.00722755,-0.00721561,-0.00720217,-0.00718706,-0.00717011,-0.0071511,-0.00712983,-0.00710607,-0.00707955,-0.00705,-0.00701712,-0.00698059,-0.00694005,-0.00689514,-0.00684543,-0.0067905,-0.00672987,-0.00666304,-0.00658948,-0.00650859,-0.00641977,-0.00632235,-0.00621563,-0.00609886,-0.00597123,-0.0058319,-0.00567997,-0.00551447,-0.00533439,-0.00513866,-0.00492613,-0.00469561,-0.00444582,-0.00417544,-0.00388306,-0.00356722,-0.00322639,-0.00285897,-0.00246331,-0.0020377,-0.00158038,-0.00108954,-0.000563371,0
0,-0.000574446,-0.00111163,-0.00161336,-0.00208141,-0.00251752,-0.00292341,-0.00330074,-0.00365115,-0.00397619,-0.00427737,-0.00455615,-0.00481392,-0.00505201,-0.00527167,-0.00547412,-0.0056605,-0.0058319,-0.00598934,-0.0061338,-0.0062662,-0.00638739,-0.0064982,-0.0065994,-0.0066917,-0.00677578,-0.00685228,-0.0069218,-0.00698488,-0.00704206,-0.00709381,-0.00714059,-0.00718281,-0.00722087,-0.00725514,-0.00728594,-0.00731358,-0.00733836,-0.00736054,-0.00738036,-0.00739805,-0.00741382,-0.00742784,-0.0074403,-0.00745136,-0.00746115,-0.0074698,-0.00747745,-0.00748418,-0.00749011,-0.00749533,-0.0074999,-0.0075039,-0.0075074,-0.00751046,-0.00751313,-0.00751545,-0.00751746,-0.00751921,-0.00752072,-0.00752203,-0.00752316,-0.00752413,-0.00752497,-0.00752568,-0.0075263,-0.00752682,-0.00752727,-0.00752765,-0.00752797,-0.00752824,-0.00752847,-0.00752866,-0.00752882,-0.00752895,-0.00752905,-0.00752913,-0.0075292,-0.00752924,-0.00752926,-0.00752927,-0.00752926,-0.00752924,-0.0075292,-0.00752913,-0.00752905,-0.00752895,-0.00752882,-0.00752866,-0.00752847,-0.00752824,-0.00752797,-0.00752765,-0.00752727,-0.00752682,-0.0075263,-0.00752568,-0.00752497,-0.00752413,-0.00752316,-0.00752203,-0.00752072,-0.00751921,-0.00751746,-0.00751545,-0.00751313,-0.00751046,-0.0075074,-0.0075039,-0.0074999,-0.00749533,-0.00749011,-0.00748418,-0.00747745,-0.0074698,-0.00746115,-0.00745136,-0.0074403,-0.00742784,-0.00741382,-0.00739805,-0.00738036,-0.00736054,-0.00733836,-0.00731358,-0.00728594,-0.00725514,-0.00722087,-0.00718281,-0.00714059,-0.00709381,-0.00704206,-0.00698488,-0.0069218,-0.00685228,-0.00677578,-0.0066917,-0.0065994,-0.0064982,-0.00638739,-0.0062662,-0.0061338,-0.00598934,-0.0058319,-0.0056605,-0.00547412,-0.00527167,-0.00505201,-0.00481392,-0.00455615,-0.00427737,-0.00397619,-0.00365115,-0.00330074,-0.00292341,-0.00251752,-0.00208141,-0.00161336,-0.00111163,-0.000574446,0
0,-0.000584521,-0.00113173,-0.00164338,-0.0021212,-0.00256689,-0.00298212,-0.00336852,-0.00372769,-0.00406118,-0.00437046,-0.00465697,-0.0049221,-0.00516717,-0.00539343,-0.00560211,-0.00579434,-0.00597123,-0.0061338,-0.00628305,-0.00641989,-0.00654522,-0.00665986,-0.0067646,-0.00686016,-0.00694725,-0.00702652,-0.00709857,-0.00716397,-0.00722327,-0.00727695,-0.00732548,-0.0073693,-0.00740881,-0.00744439,-0.00747637,-0.00750509,-0.00753083,-0.00755387,-0.00757447,-0.00759286,-0.00760925,-0.00762383,-0.00763678,-0.00764828,-0.00765846,-0.00766746,-0.00767541,-0.00768243,-0.0076886,-0.00769402,-0.00769878,-0.00770295,-0.00770659,-0.00770977,-0.00771255,-0.00771496,-0.00771706,-0.00771888,-0.00772046,-0.00772182,-0.00772299,-0.00772401,-0.00772488,-0.00772562,-0.00772626,-0.00772681,-0.00772727,-0.00772767,-0.00772801,-0.00772829,-0.00772853,-0.00772873,-0.00772889,-0.00772902,-0.00772913,-0.00772922,-0.00772928,-0.00772932,-0.00772935,-0.00772936,-0.00772935,-0.00772932,-0.00772928,-0.00772922,-0.00772913,-0.00772902,-0.00772889,-0.00772873,-0.00772853,-0.00772829,-0.00772801,-0.00772767,-0.00772727,-0.00772681,-0.00772626,-0.00772562,-0.00772488,-0.00772401,-0.00772299,-0.00772182,-0.00772046,-0.00771888,-0.00771706,-0.00771496,-0.00771255,-0.00770977,-0.00770659,-0.00770295,-0.00769878,-0.00769402,-0.0076886,-0.00768243,-0.00767541,-0.00766746,-0.00765846,-0.00764828,-0.00763678,-0.00762383,-0.00760925,-0.00759286,-0.00757447,-0.00755387,-0.00753083,-0.00750509,-0.00747637,-0.00744439,-0.00740881,-0.0073693,-0.00732548,-0.00727695,-0.00722327,-0.00716397,-0.00709857,-0.00702652,-0.00694725,-0.00686016,-0.0067646,-0.00665986,-0.00654522,-0.00641989,-0.00628305,-0.0061338,-0.00597123,-0.00579434,-0.00560211,-0.00539343,-0.00516717,-0.0049221,-0.00465697,-0.00437046,-0.00406118,-0.00372769,-0.00336852,-0.00298212,-0.00256689,-0.0021212,-0.00164338,-0.00113173,-0.000584521,0
0,-0.000593684,-0.00115001,-0.00167069,-0.00215741,-0.00261183,-0.00303558,-0.00343027,-0.00379747,-0.00413868,-0.00445539,-0.00474901,-0.00502092,-0.00527242,-0.00550479,-0.00571922,-0.00591688,-0.00609886,-0.0062662,-0.00641989,-0.00656089,-0.00669008,-0.0068083,-0.00691634,-0.00701497,-0.00710487,-0.00718673,-0.00726116,-0.00732874,-0.00739003,-0.00744553,-0.00749572,-0.00754105,-0.00758193,-0.00761874,-0.00765184,-0.00768157,-0.00770822,-0.00773209,-0.00775343,-0.00777247,-0.00778945,-0.00780456,-0.00781799,-0.0078299,-0.00784045,-0.00784979,-0.00785803,-0.0078653,-0.0078717,-0.00787732,-0.00788226,-0.00788658,-0.00789036,-0.00789367,-0.00789655,-0.00789905,-0.00790123,-0.00790312,-0.00790475,-0.00790617,-0.00790739,-0.00790844,-0.00790934,-0.00791012,-0.00791078,-0.00791135,-0.00791183,-0.00791224,-0.00791259,-0.00791288,-0.00791313,-0.00791334,-0.00791351,-0.00791365,-0.00791376,-0.00791385,-0.00791391,-0.00791396,-0.00791399,-0.007914,-0.00791399,-0.00791396,-0.00791391,-0.00791385,-0.00791376,-0.00791365,-0.00791351,-0.00791334,-0.00791313,-0.00791288,-0.00791259,-0.00791224,-0.00791183,-0.00791135,-0.00791078,-0.00791012,-0.00790934,-0.00790844,-0.00790739,-0.00790617,-0.00790475,-0.00790312,-0.00790123,-0.00789905,-0.00789655,-0.00789367,-0.00789036,-0.00788658,-0.00788226,-0.00787732,-0.0078717,-0.0078653,-0.00785803,-0.00784979,-0.00784045,-0.0078299,-0.00781799,-0.00780456,-0.00778945,-0.00777247,-0.00775343,-0.00773209,-0.00770822,-0.00768157,-0.00765184,-0.00761874,-0.00758193,-0.00754105,-0.00749572,-0.00744553,-0.00739003,-0.00732874,-0.00726116,-0.00718673,-0.00710487,-0.00701497,-0.00691634,-0.0068083,-0.00669008,-0.00656089,-0.00641989,-0.0062662,-0.00609886,-0.00591688,-0.00571922,-0.00550479,-0.00527242,-0.00502092,-0.00474901,-0.00445539,-0.00413868,-0.00379747,-0.00343027,-0.00303558,-0.00261183,-0.00215741,-0.00167069,-0.00115001,-0.000593684,0
