0,0,0,0,0,0,0,0,0,0,0,0,0,0,0,0,0,0,0,0,0,0,0,0,0,0,0,0,0,0,0,0,0,0,0,0,0,0,0,0,0,0,0,0,0,0,0,0,0,0,0,0,0,0,0,0,0,0,0,0,0,0,0,0,0,0,0,0,0,0,0,0,0,0,0,0,0,0,0,0,0,0,0,0,0,0,0,0,0,0,0,0,0,0,0,0,0,0,0,0,0,0,0,0,0,0,0,0,0,0,0,0,0,0,0,0,0,0,0,0,0,0,0,0,0,0,0,0,0,0,0,0,0,0,0,0,0,0,0,0,0,0,0,0,0,0,0,0,0,0,0,0,0,0,0,0,0,0,0,0,0
0,-0.000117906,-0.000216281,-0.000302846,-0.000381234,-0.000453432,-0.000520667,-0.000583763,-0.00064331,-0.000699753,-0.000753438,-0.00080464,-0.000853586,-0.000900465,-0.000945437,-0.000988639,-0.00103019,-0.00107019,-0.00110874,-0.00114591,-0.00118178,-0.00121641,-0.00124987,-0.00128221,-0.00131347,-0.0013437,-0.00137295,-0.00140125,-0.00142864,-0.00145515,-0.0014808,-0.00150564,-0.00152968,-0.00155296,-0.00157549,-0.00159729,-0.00161839,-0.00163881,-0.00165856,-0.00167766,-0.00169613,-0.00171399,-0.00173124,-0.0017479,-0.00176399,-0.00177952,-0.00179449,-0.00180893,-0.00182284,-0.00183622,-0.0018491,-0.00186148,-0.00187336,-0.00188477,-0.00189569,-0.00190615,-0.00191614,-0.00192569,-0.00193478,-0.00194343,-0.00195164,-0.00195942,-0.00196677,-0.0019737,-0.00198021,-0.00198631,-0.00199199,-0.00199727,-0.00200215,-0.00200662,-0.0020107,-0.00201438,-0.00201767,-0.00202057,-0.00202307,-0.00202519,-0.00202692,-0.00202827,-0.00202923,-0.00202981,-0.00203,-0.00202981,-0.00202923,-0.00202827,-0.00202692,-0.00202519,-0.00202307,-0.00202057,-0.00201767,-0.00201438,-0.0020107,-0.00200662,-0.00200215,-0.00199727,-0.00199199,-0.00198631,-0.00198021,-0.0019737,-0.00196677,-0.00195942,-0.00195164,-0.00194343,-0.00193478,-0.00192569,-0.00191614,-0.00190615,-0.00189569,-0.00188477,-0.00187336,-0.00186148,-0.0018491,-0.00183622,-0.00182284,-0.00180893,-0.00179449,-0.00177952,-0.00176399,-0.0017479,-0.00173124,-0.00171399,-0.00169613,-0.00167766,-0.00165856,-0.00163881,-0.00161839,-0.00159729,-0.00157549,-0.00155296,-0.00152968,-0.00150564,-0.0014808,-0.00145515,-0.00142864,-0.00140125,-0.00137295,-0.0013437,-0.00131347,-0.00128221,-0.00124987,-0.00121641,-0.00118178,-0.00114591,-0.00110874,-0.00107019,-0.00103019,-0.000988639,-0.000945437,-0.000900465,-0.000853586,-0.00080464,-0.000753438,-0.000699753,-0.00064331,-0.000583763,-0.000520667,-0.000453432,-0.000381234,-0.000302846,-0.000216281,-0.000117906,0
0,-0.000216281,-0.000405311,-0.000574811,-0.000729599,-0.00087277,-0.00100642,-0.00113202,-0.00125067,-0.00136321,-0.0014703,-0.00157248,-0.00167019,-0.00176379,-0.0018536,-0.00193988,-0.00202288,-0.00210279,-0.0021798,-0.00225407,-0.00232575,-0.00239496,-0.00246182,-0.00252645,-0.00258893,-0.00264935,-0.00270781,-0.00276438,-0.00281912,-0.0028721,-0.00292339,-0.00297304,-0.0030211,-0.00306763,-0.00311266,-0.00315625,-0.00319843,-0.00323925,-0.00327874,-0.00331693,-0.00335385,-0.00338955,-0.00342404,-0.00345735,-0.00348952,-0.00352056,-0.0035505,-0.00357936,-0.00360717,-0.00363393,-0.00365968,-0.00368442,-0.00370819,-0.00373098,-0.00375283,-0.00377374,-0.00379372,-0.0038128,-0.00383098,-0.00384827,-0.00386469,-0.00388024,-0.00389494,-0.0039088,-0.00392182,-0.00393401,-0.00394538,-0.00395593,-0.00396568,-0.00397463,-0.00398278,-0.00399014,-0.00399672,-0.00400251,-0.00400752,-0.00401176,-0.00401522,-0.00401791,-0.00401983,-0.00402098,-0.00402137,-0.00402098,-0.00401983,-0.00401791,-0.00401522,-0.00401176,-0.00400752,-0.00400251,-0.00399672,-0.00399014,-0.00398278,-0.00397463,-0.00396568,-0.00395593,-0.00394538,-0.00393401,-0.00392182,-0.0039088,-0.00389494,-0.00388024,-0.00386469,-0.00384827,-0.00383098,-0.0038128,-0.00379372,-0.00377374,-0.00375283,-0.00373098,-0.00370819,-0.00368442,-0.00365968,-0.00363393,-0.00360717,-0.00357936,-0.0035505,-0.00352056,-0.00348952,-0.00345735,-0.00342404,-0.00338955,-0.00335385,-0.00331693,-0.00327874,-0.00323925,-0.00319843,-0.00315625,-0.00311266,-0.00306763,-0.0030211,-0.00297304,-0.00292339,-0.0028721,-0.00281912,-0.00276438,-0.00270781,-0.00264935,-0.00258893,-0.00252645,-0.00246182,-0.00239496,-0.00232575,-0.00225407,-0.0021798,-0.00210279,-0.00202288,-0.00193988,-0.0018536,-0.00176379,-0.00167019,-0.00157248,-0.0014703,-0.00136321,-0.00125067,-0.00113202,-0.00100642,-0.00087277,-0.000729599,-0.000574811,-0.000405311,-0.000216281,0
0,-0.000302846,-0.000574811,-0.000822431,-0.00105052,-0.00126258,-0.00146116,-0.00164817,-0.00182509,-0.00199307,-0.00215304,-0.00230576,-0.00245185,-0.00259186,-0.00272624,-0.00285538,-0.00297962,-0.00309926,-0.00321458,-0.00332581,-0.00343316,-0.00353683,-0.00363699,-0.0037338,-0.00382741,-0.00391796,-0.00400555,-0.00409031,-0.00417234,-0.00425175,-0.00432861,-0.00440302,-0.00447505,-0.00454478,-0.00461228,-0.00467761,-0.00474084,-0.00480202,-0.00486121,-0.00491846,-0.00497381,-0.00502732,-0.00507902,-0.00512896,-0.00517718,-0.00522371,-0.0052686,-0.00531186,-0.00535355,-0.00539367,-0.00543227,-0.00546937,-0.005505,-0.00553917,-0.00557192,-0.00560327,-0.00563323,-0.00566183,-0.00568909,-0.00571501,-0.00573963,-0.00576295,-0.00578499,-0.00580576,-0.00582528,-0.00584356,-0.0058606,-0.00587643,-0.00589105,-0.00590446,-0.00591668,-0.00592772,-0.00593758,-0.00594626,-0.00595377,-0.00596012,-0.00596532,-0.00596935,-0.00597223,-0.00597396,-0.00597453,-0.00597396,-0.00597223,-0.00596935,-0.00596532,-0.00596012,-0.00595377,-0.00594626,-0.00593758,-0.00592772,-0.00591668,-0.00590446,-0.00589105,-0.00587643,-0.0058606,-0.00584356,-0.00582528,-0.00580576,-0.00578499,-0.00576295,-0.00573963,-0.00571501,-0.00568909,-0.00566183,-0.00563323,-0.00560327,-0.00557192,-0.00553917,-0.005505,-0.00546937,-0.00543227,-0.00539367,-0.00535355,-0.00531186,-0.0052686,-0.00522371,-0.00517718,-0.00512896,-0.00507902,-0.00502732,-0.00497381,-0.00491846,-0.00486121,-0.00480202,-0.00474084,-0.00467761,-0.00461228,-0.00454478,-0.00447505,-0.00440302,-0.00432861,-0.00425175,-0.00417234,-0.00409031,-0.00400555,-0.00391796,-0.00382741,-0.0037338,-0.00363699,-0.00353683,-0.00343316,-0.00332581,-0.00321458,-0.00309926,-0.00297962,-0.00285538,-0.00272624,-0.00259186,-0.00245185,-0.00230576,-0.00215304,-0.00199307,-0.00182509,-0.00164817,-0.00146116,-0.00126258,-0.00105052,-0.000822431,-0.000574811,-0.000302846,0
0,-0.000381234,-0.000729599,-0.00105052,-0.00134843,-0.00162682,-0.00188842,-0.00213538,-0.00236941,-0.0025919,-0.00280399,-0.00300662,-0.00320058,-0.00338654,-0.0035651,-0.00373674,-0.00390193,-0.00406104,-0.00421443,-0.0043624,-0.00450524,-0.0046432,-0.0047765,-0.00490537,-0.00502997,-0.00515051,-0.00526713,-0.00537998,-0.00548921,-0.00559494,-0.0056973,-0.00579639,-0.00589232,-0.00598519,-0.00607509,-0.00616211,-0.00624633,-0.00632782,-0.00640666,-0.00648291,-0.00655665,-0.00662793,-0.0066968,-0.00676334,-0.00682757,-0.00688957,-0.00694936,-0.007007,-0.00706253,-0.00711599,-0.00716742,-0.00721685,-0.00726431,-0.00730985,-0.00735348,-0.00739525,-0.00743517,-0.00747327,-0.00750959,-0.00754413,-0.00757693,-0.007608,-0.00763737,-0.00766504,-0.00769105,-0.00771541,-0.00773812,-0.00775921,-0.00777868,-0.00779656,-0.00781284,-0.00782755,-0.00784068,-0.00785225,-0.00786227,-0.00787073,-0.00787765,-0.00788302,-0.00788686,-0.00788916,-0.00788993,-0.00788916,-0.00788686,-0.00788302,-0.00787765,-0.00787073,-0.00786227,-0.00785225,-0.00784068,-0.00782755,-0.00781284,-0.00779656,-0.00777868,-0.00775921,-0.00773812,-0.00771541,-0.00769105,-0.00766504,-0.00763737,-0.007608,-0.00757693,-0.00754413,-0.00750959,-0.00747327,-0.00743517,-0.00739525,-0.00735348,-0.00730985,-0.00726431,-0.00721685,-0.00716742,-0.00711599,-0.00706253,-0.007007,-0.00694936,-0.00688957,-0.00682757,-0.00676334,-0.0066968,-0.00662793,-0.00655665,-0.00648291,-0.00640666,-0.00632782,-0.00624633,-0.00616211,-0.00607509,-0.00598519,-0.00589232,-0.00579639,-0.0056973,-0.00559494,-0.00548921,-0.00537998,-0.00526713,-0.00515051,-0.00502997,-0.00490537,-0.0047765,-0.0046432,-0.00450524,-0.0043624,-0.00421443,-0.00406104,-0.00390193,-0.00373674,-0.0035651,-0.00338654,-0.00320058,-0.00300662,-0.00280399,-0.0025919,-0.00236941,-0.00213538,-0.00188842,-0.00162682,-0.00134843,-0.00105052,-0.000729599,-0.000381234,0
0,-0.000453432,-0.00087277,-0.00126258,-0.00162682,-0.00196881,-0.00229128,-0.00259647,-0.00288624,-0.00316211,-0.00342538,-0.00367713,-0.00391828,-0.00414962,-0.00437185,-0.00458557,-0.00479131,-0.00498955,-0.0051807,-0.00536514,-0.00554322,-0.00571524,-0.00588148,-0.0060422,-0.00619763,-0.006348,-0.0064935,-0.00663431,-0.00677061,-0.00690255,-0.00703029,-0.00715396,-0.0072737,-0.00738962,-0.00750184,-0.00761046,-0.00771559,-0.00781733,-0.00791575,-0.00801096,-0.00810302,-0.00819201,-0.00827801,-0.00836108,-0.00844129,-0.0085187,-0.00859336,-0.00866534,-0.00873468,-0.00880144,-0.00886566,-0.00892738,-0.00898666,-0.00904352,-0.00909801,-0.00915017,-0.00920003,-0.00924761,-0.00929296,-0.00933611,-0.00937707,-0.00941587,-0.00945255,-0.00948711,-0.0095196,-0.00955001,-0.00957838,-0.00960472,-0.00962904,-0.00965137,-0.00967171,-0.00969007,-0.00970648,-0.00972093,-0.00973344,-0.00974401,-0.00975265,-0.00975936,-0.00976415,-0.00976703,-0.00976799,-0.00976703,-0.00976415,-0.00975936,-0.00975265,-0.00974401,-0.00973344,-0.00972093,-0.00970648,-0.00969007,-0.00967171,-0.00965137,-0.00962904,-0.00960472,-0.00957838,-0.00955001,-0.0095196,-0.00948711,-0.00945255,-0.00941587,-0.00937707,-0.00933611,-0.00929296,-0.00924761,-0.00920003,-0.00915017,-0.00909801,-0.00904352,-0.00898666,-0.00892738,-0.00886566,-0.00880144,-0.00873468,-0.00866534,-0.00859336,-0.0085187,-0.00844129,-0.00836108,-0.00827801,-0.00819201,-0.00810302,-0.00801096,-0.00791575,-0.00781733,-0.00771559,-0.00761046,-0.00750184,-0.00738962,-0.0072737,-0.00715396,-0.00703029,-0.00690255,-0.00677061,-0.00663431,-0.0064935,-0.006348,-0.00619763,-0.0060422,-0.00588148,-0.00571524,-0.00554322,-0.00536514,-0.0051807,-0.00498955,-0.00479131,-0.00458557,-0.00437185,-0.00414962,-0.00391828,-0.00367713,-0.00342538,-0.00316211,-0.00288624,-0.00259647,-0.00229128,-0.00196881,-0.00162682,-0.00126258,-0.00087277,-0.000453432,0
0,-0.000520667,-0.00100642,-0.00146116,-0.00188842,-0.00229128,-0.00267237,-0.00303396,-0.00337793,-0.00370591,-0.00401928,-0.00431923,-0.00460677,-0.00488281,-0.00514811,-0.00540338,-0.00564921,-0.00588615,-0.00611469,-0.00633527,-0.00654828,-0.00675408,-0.00695301,-0.00714535,-0.0073314,-0.00751141,-0.0076856,-0.0078542,-0.00801742,-0.00817543,-0.00832842,-0.00847655,-0.00861997,-0.00875883,-0.00889326,-0.0090234,-0.00914935,-0.00927124,-0.00938917,-0.00950324,-0.00961356,-0.0097202,-0.00982325,-0.0099228,-0.0100189,-0.0101117,-0.0102012,-0.0102874,-0.0103705,-0.0104506,-0.0105275,-0.0106015,-0.0106725,-0.0107407,-0.010806,-0.0108685,-0.0109283,-0.0109853,-0.0110397,-0.0110914,-0.0111405,-0.011187,-0.011231,-0.0112724,-0.0113114,-0.0113478,-0.0113818,-0.0114134,-0.0114426,-0.0114693,-0.0114937,-0.0115157,-0.0115354,-0.0115527,-0.0115677,-0.0115804,-0.0115907,-0.0115988,-0.0116045,-0.011608,-0.0116091,-0.011608,-0.0116045,-0.0115988,-0.0115907,-0.0115804,-0.0115677,-0.0115527,-0.0115354,-0.0115157,-0.0114937,-0.0114693,-0.0114426,-0.0114134,-0.0113818,-0.0113478,-0.0113114,-0.0112724,-0.011231,-0.011187,-0.0111405,-0.0110914,-0.0110397,-0.0109853,-0.0109283,-0.0108685,-0.010806,-0.0107407,-0.0106725,-0.0106015,-0.0105275,-0.0104506,-0.0103705,-0.0102874,-0.0102012,-0.0101117,-0.0100189,-0.0099228,-0.00982325,-0.0097202,-0.00961356,-0.00950324,-0.00938917,-0.00927124,-0.00914935,-0.0090234,-0.00889326,-0.00875883,-0.00861997,-0.00847655,-0.00832842,-0.00817543,-0.00801742,-0.0078542,-0.0076856,-0.00751141,-0.0073314,-0.00714535,-0.00695301,-0.00675408,-0.00654828,-0.00633527,-0.00611469,-0.00588615,-0.00564921,-0.00540338,-0.00514811,-0.00488281,-0.00460677,-0.00431923,-0.00401928,-0.00370591,-0.00337793,-0.00303396,-0.00267237,-0.00229128,-0.00188842,-0.00146116,-0.00100642,-0.000520667,0
0,-0.000583763,-0.00113202,-0.00164817,-0.00213538,-0.00259647,-0.00303396,-0.00345003,-0.00384659,-0.0042253,-0.00458759,-0.00493472,-0.00526778,-0.00558773,-0.00589543,-0.00619164,-0.00647702,-0.00675219,-0.00701768,-0.007274,-0.00752159,-0.00776085,-0.00799217,-0.00821587,-0.00843229,-0.0086417,-0.00884437,-0.00904057,-0.00923051,-0.00941442,-0.0095925,-0.00976494,-0.0099319,-0.0100936,-0.0102501,-0.0104016,-0.0105483,-0.0106902,-0.0108276,-0.0109604,-0.0110889,-0.0112131,-0.0113331,-0.0114491,-0.0115611,-0.0116691,-0.0117734,-0.0118738,-0.0119707,-0.0120639,-0.0121535,-0.0122397,-0.0123225,-0.0124019,-0.012478,-0.0125508,-0.0126205,-0.0126869,-0.0127503,-0.0128105,-0.0128677,-0.0129219,-0.0129732,-0.0130214,-0.0130668,-0.0131093,-0.0131489,-0.0131857,-0.0132197,-0.0132509,-0.0132793,-0.013305,-0.0133279,-0.0133481,-0.0133655,-0.0133803,-0.0133924,-0.0134017,-0.0134084,-0.0134125,-0.0134138,-0.0134125,-0.0134084,-0.0134017,-0.0133924,-0.0133803,-0.0133655,-0.0133481,-0.0133279,-0.013305,-0.0132793,-0.0132509,-0.0132197,-0.0131857,-0.0131489,-0.0131093,-0.0130668,-0.0130214,-0.0129732,-0.0129219,-0.0128677,-0.0128105,-0.0127503,-0.0126869,-0.0126205,-0.0125508,-0.012478,-0.0124019,-0.0123225,-0.0122397,-0.0121535,-0.0120639,-0.0119707,-0.0118738,-0.0117734,-0.0116691,-0.0115611,-0.0114491,-0.0113331,-0.0112131,-0.0110889,-0.0109604,-0.0108276,-0.0106902,-0.0105483,-0.0104016,-0.0102501,-0.0100936,-0.0099319,-0.00976494,-0.0095925,-0.00941442,-0.00923051,-0.00904057,-0.00884437,-0.0086417,-0.00843229,-0.00821587,-0.00799217,-0.00776085,-0.00752159,-0.007274,-0.00701768,-0.00675219,-0.00647702,-0.00619164,-0.00589543,-0.00558773,-0.00526778,-0.00493472,-0.00458759,-0.0042253,-0.00384659,-0.00345003,-0.00303396,-0.00259647,-0.00213538,-0.00164817,-0.00113202,-0.000583763,0
0,-0.00064331,-0.00125067,-0.00182509,-0.00236941,-0.00288624,-0.00337793,-0.00384659,-0.0042941,-0.00472211,-0.00513207,-0.00552529,-0.0059029,-0.00626593,-0.00661527,-0.00695175,-0.00727609,-0.00758894,-0.00789091,-0.00818252,-0.00846429,-0.00873664,-0.00900001,-0.00925476,-0.00950125,-0.00973981,-0.00997073,-0.0101943,-0.0104108,-0.0106204,-0.0108233,-0.0110199,-0.0112103,-0.0113946,-0.0115731,-0.0117459,-0.0119131,-0.012075,-0.0122316,-0.0123831,-0.0125297,-0.0126714,-0.0128083,-0.0129406,-0.0130683,-0.0131916,-0.0133105,-0.0134251,-0.0135356,-0.0136419,-0.0137443,-0.0138426,-0.013937,-0.0140276,-0.0141145,-0.0141976,-0.014277,-0.0143529,-0.0144252,-0.0144939,-0.0145592,-0.0146211,-0.0146795,-0.0147346,-0.0147864,-0.0148349,-0.0148801,-0.0149221,-0.0149609,-0.0149965,-0.0150289,-0.0150582,-0.0150843,-0.0151074,-0.0151273,-0.0151442,-0.0151579,-0.0151686,-0.0151763,-0.0151809,-0.0151824,-0.0151809,-0.0151763,-0.0151686,-0.0151579,-0.0151442,-0.0151273,-0.0151074,-0.0150843,-0.0150582,-0.0150289,-0.0149965,-0.0149609,-0.0149221,-0.0148801,-0.0148349,-0.0147864,-0.0147346,-0.0146795,-0.0146211,-0.0145592,-0.0144939,-0.0144252,-0.0143529,-0.014277,-0.0141976,-0.0141145,-0.0140276,-0.013937,-0.0138426,-0.0137443,-0.0136419,-0.0135356,-0.0134251,-0.0133105,-0.0131916,-0.0130683,-0.0129406,-0.0128083,-0.0126714,-0.0125297,-0.0123831,-0.0122316,-0.012075,-0.0119131,-0.0117459,-0.0115731,-0.0113946,-0.0112103,-0.0110199,-0.0108233,-0.0106204,-0.0104108,-0.0101943,-0.00997073,-0.00973981,-0.00950125,-0.00925476,-0.00900001,-0.00873664,-0.00846429,-0.00818252,-0.00789091,-0.00758894,-0.00727609,-0.00695175,-0.00661527,-0.00626593,-0.0059029,-0.00552529,-0.00513207,-0.00472211,-0.0042941,-0.00384659,-0.00337793,-0.00288624,-0.00236941,-0.00182509,-0.00125067,-0.00064331,0
0,-0.000699753,-0.00136321,-0.00199307,-0.0025919,-0.00316211,-0.00370591,-0.0042253,-0.00472211,-0.00519796,-0.00565431,-0.00609248,-0.00651364,-0.00691884,-0.00730902,-0.00768505,-0.00804769,-0.00839764,-0.00873554,-0.00906197,-0.00937747,-0.00968251,-0.00997756,-0.010263,-0.0105393,-0.0108067,-0.0110656,-0.0113162,-0.011559,-0.0117941,-0.0120218,-0.0122423,-0.0124558,-0.0126626,-0.0128629,-0.0130568,-0.0132445,-0.0134262,-0.013602,-0.013772,-0.0139365,-0.0140956,-0.0142493,-0.0143978,-0.0145412,-0.0146796,-0.0148131,-0.0149418,-0.0150659,-0.0151853,-0.0153002,-0.0154106,-0.0155167,-0.0156184,-0.0157159,-0.0158093,-0.0158985,-0.0159837,-0.0160649,-0.0161421,-0.0162154,-0.0162849,-0.0163505,-0.0164124,-0.0164706,-0.016525,-0.0165758,-0.016623,-0.0166665,-0.0167065,-0.0167429,-0.0167758,-0.0168052,-0.0168311,-0.0168535,-0.0168724,-0.0168879,-0.0168999,-0.0169085,-0.0169136,-0.0169154,-0.0169136,-0.0169085,-0.0168999,-0.0168879,-0.0168724,-0.0168535,-0.0168311,-0.0168052,-0.0167758,-0.0167429,-0.0167065,-0.0166665,-0.016623,-0.0165758,-0.016525,-0.0164706,-0.0164124,-0.0163505,-0.0162849,-0.0162154,-0.0161421,-0.0160649,-0.0159837,-0.0158985,-0.0158093,-0.0157159,-0.0156184,-0.0155167,-0.0154106,-0.0153002,-0.0151853,-0.0150659,-0.0149418,-0.0148131,-0.0146796,-0.0145412,-0.0143978,-0.0142493,-0.0140956,-0.0139365,-0.013772,-0.013602,-0.0134262,-0.0132445,-0.0130568,-0.0128629,-0.0126626,-0.0124558,-0.0122423,-0.0120218,-0.0117941,-0.011559,-0.0113162,-0.0110656,-0.0108067,-0.0105393,-0.010263,-0.00997756,-0.00968251,-0.00937747,-0.00906197,-0.00873554,-0.00839764,-0.00804769,-0.00768505,-0.00730902,-0.00691884,-0.00651364,-0.00609248,-0.00565431,-0.00519796,-0.00472211,-0.0042253,-0.00370591,-0.00316211,-0.0025919,-0.00199307,-0.00136321,-0.000699753,0
0,-0.000753438,-0.0014703,-0.00215304,-0.00280399,-0.00342538,-0.00401928,-0.00458759,-0.00513207,-0.00565431,-0.00615576,-0.00663772,-0.00710137,-0.00754781,-0.00797798,-0.0083928,-0.00879305,-0.00917947,-0.00955273,-0.00991345,-0.0102622,-0.0105995,-0.0109258,-0.0112416,-0.0115473,-0.0118432,-0.0121297,-0.0124073,-0.012676,-0.0129363,-0.0131885,-0.0134327,-0.0136693,-0.0138984,-0.0141203,-0.0143351,-0.0145431,-0.0147444,-0.0149393,-0.0151278,-0.0153101,-0.0154864,-0.0156567,-0.0158214,-0.0159803,-0.0161338,-0.0162818,-0.0164245,-0.016562,-0.0166945,-0.0168218,-0.0169443,-0.0170619,-0.0171747,-0.0172829,-0.0173864,-0.0174853,-0.0175798,-0.0176698,-0.0177555,-0.0178368,-0.0179138,-0.0179866,-0.0180553,-0.0181198,-0.0181802,-0.0182365,-0.0182888,-0.0183371,-0.0183815,-0.0184219,-0.0184584,-0.0184909,-0.0185196,-0.0185445,-0.0185655,-0.0185826,-0.018596,-0.0186055,-0.0186112,-0.0186131,-0.0186112,-0.0186055,-0.018596,-0.0185826,-0.0185655,-0.0185445,-0.0185196,-0.0184909,-0.0184584,-0.0184219,-0.0183815,-0.0183371,-0.0182888,-0.0182365,-0.0181802,-0.0181198,-0.0180553,-0.0179866,-0.0179138,-0.0178368,-0.0177555,-0.0176698,-0.0175798,-0.0174853,-0.0173864,-0.0172829,-0.0171747,-0.0170619,-0.0169443,-0.0168218,-0.0166945,-0.016562,-0.0164245,-0.0162818,-0.0161338,-0.0159803,-0.0158214,-0.0156567,-0.0154864,-0.0153101,-0.0151278,-0.0149393,-0.0147444,-0.0145431,-0.0143351,-0.0141203,-0.0138984,-0.0136693,-0.0134327,-0.0131885,-0.0129363,-0.012676,-0.0124073,-0.0121297,-0.0118432,-0.0115473,-0.0112416,-0.0109258,-0.0105995,-0.0102622,-0.00991345,-0.00955273,-0.00917947,-0.00879305,-0.0083928,-0.00797798,-0.00754781,-0.00710137,-0.00663772,-0.00615576,-0.00565431,-0.00513207,-0.00458759,-0.00401928,-0.00342538,-0.00280399,-0.00215304,-0.0014703,-0.000753438,0
0,-0.00080464,-0.00157248,-0.00230576,-0.00300662,-0.00367713,-0.00431923,-0.00493472,-0.00552529,-0.00609248,-0.00663772,-0.00716228,-0.00766738,-0.00815408,-0.00862338,-0.00907618,-0.00951331,-0.00993554,-0.0103436,-0.010738,-0.0111195,-0.0114886,-0.0118457,-0.0121914,-0.0125261,-0.0128502,-0.0131641,-0.0134682,-0.0137627,-0.014048,-0.0143244,-0.0145921,-0.0148514,-0.0151026,-0.0153459,-0.0155815,-0.0158096,-0.0160304,-0.0162442,-0.0164509,-0.0166509,-0.0168443,-0.0170313,-0.0172119,-0.0173863,-0.0175547,-0.0177171,-0.0178737,-0.0180246,-0.01817,-0.0183098,-0.0184442,-0.0185732,-0.0186971,-0.0188158,-0.0189294,-0.019038,-0.0191417,-0.0192405,-0.0193345,-0.0194238,-0.0195084,-0.0195883,-0.0196637,-0.0197345,-0.0198008,-0.0198626,-0.01992,-0.0199731,-0.0200218,-0.0200661,-0.0201062,-0.0201419,-0.0201735,-0.0202007,-0.0202238,-0.0202426,-0.0202573,-0.0202677,-0.020274,-0.0202761,-0.020274,-0.0202677,-0.0202573,-0.0202426,-0.0202238,-0.0202007,-0.0201735,-0.0201419,-0.0201062,-0.0200661,-0.0200218,-0.0199731,-0.01992,-0.0198626,-0.0198008,-0.0197345,-0.0196637,-0.0195883,-0.0195084,-0.0194238,-0.0193345,-0.0192405,-0.0191417,-0.019038,-0.0189294,-0.0188158,-0.0186971,-0.0185732,-0.0184442,-0.0183098,-0.01817,-0.0180246,-0.0178737,-0.0177171,-0.0175547,-0.0173863,-0.0172119,-0.0170313,-0.0168443,-0.0166509,-0.0164509,-0.0162442,-0.0160304,-0.0158096,-0.0155815,-0.0153459,-0.0151026,-0.0148514,-0.0145921,-0.0143244,-0.014048,-0.0137627,-0.0134682,-0.0131641,-0.0128502,-0.0125261,-0.0121914,-0.0118457,-0.0114886,-0.0111195,-0.010738,-0.0103436,-0.00993554,-0.00951331,-0.00907618,-0.00862338,-0.00815408,-0.00766738,-0.00716228,-0.00663772,-0.00609248,-0.00552529,-0.00493472,-0.00431923,-0.00367713,-0.00300662,-0.00230576,-0.00157248,-0.00080464,0
0,-0.000853586,-0.00167019,-0.00245185,-0.00320058,-0.00391828,-0.00460677,-0.00526778,-0.0059029,-0.00651364,-0.00710137,-0.00766738,-0.00821283,-0.00873882,-0.00924634,-0.00973631,-0.0102096,-0.0106669,-0.0111091,-0.0115367,-0.0119504,-0.0123507,-0.0127382,-0.0131134,-0.0134768,-0.0138287,-0.0141696,-0.0144998,-0.0148198,-0.0151298,-0.0154301,-0.0157211,-0.016003,-0.016276,-0.0165405,-0.0167967,-0.0170447,-0.0172848,-0.0175173,-0.0177421,-0.0179597,-0.0181701,-0.0183734,-0.0185699,-0.0187597,-0.0189428,-0.0191196,-0.01929,-0.0194542,-0.0196123,-0.0197644,-0.0199107,-0.0200512,-0.0201859,-0.0203151,-0.0204388,-0.020557,-0.0206698,-0.0207774,-0.0208797,-0.0209769,-0.021069,-0.021156,-0.021238,-0.0213151,-0.0213873,-0.0214546,-0.0215171,-0.0215748,-0.0216278,-0.0216761,-0.0217197,-0.0217586,-0.021793,-0.0218226,-0.0218477,-0.0218682,-0.0218842,-0.0218956,-0.0219024,-0.0219047,-0.0219024,-0.0218956,-0.0218842,-0.0218682,-0.0218477,-0.0218226,-0.021793,-0.0217586,-0.0217197,-0.0216761,-0.0216278,-0.0215748,-0.0215171,-0.0214546,-0.0213873,-0.0213151,-0.021238,-0.021156,-0.021069,-0.0209769,-0.0208797,-0.0207774,-0.0206698,-0.020557,-0.0204388,-0.0203151,-0.0201859,-0.0200512,-0.0199107,-0.0197644,-0.0196123,-0.0194542,-0.01929,-0.0191196,-0.0189428,-0.0187597,-0.0185699,-0.0183734,-0.0181701,-0.0179597,-0.0177421,-0.0175173,-0.0172848,-0.0170447,-0.0167967,-0.0165405,-0.016276,-0.016003,-0.0157211,-0.0154301,-0.0151298,-0.0148198,-0.0144998,-0.0141696,-0.0138287,-0.0134768,-0.0131134,-0.0127382,-0.0123507,-0.0119504,-0.0115367,-0.0111091,-0.0106669,-0.0102096,-0.00973631,-0.00924634,-0.00873882,-0.00821283,-0.00766738,-0.00710137,-0.00651364,-0.0059029,-0.00526778,-0.00460677,-0.00391828,-0.00320058,-0.00245185,-0.00167019,-0.000853586,0
0,-0.000900465,-0.00176379,-0.00259186,-0.00338654,-0.00414962,-0.00488281,-0.00558773,-0.00626593,-0.00691884,-0.00754781,-0.00815408,-0.00873882,-0.00930311,-0.00984795,-0.0103743,-0.0108829,-0.0113746,-0.0118502,-0.0123104,-0.0127557,-0.0131868,-0.0136042,-0.0140085,-0.0144,-0.0147794,-0.0151469,-0.015503,-0.0158481,-0.0161824,-0.0165064,-0.0168204,-0.0171246,-0.0174193,-0.0177047,-0.0179812,-0.018249,-0.0185083,-0.0187592,-0.019002,-0.019237,-0.0194641,-0.0196838,-0.019896,-0.0201009,-0.0202988,-0.0204897,-0.0206738,-0.0208512,-0.0210221,-0.0211864,-0.0213444,-0.0214962,-0.0216418,-0.0217814,-0.021915,-0.0220428,-0.0221647,-0.022281,-0.0223916,-0.0224966,-0.0225961,-0.0226901,-0.0227787,-0.0228621,-0.0229401,-0.0230128,-0.0230804,-0.0231428,-0.0232001,-0.0232523,-0.0232994,-0.0233415,-0.0233786,-0.0234106,-0.0234378,-0.0234599,-0.0234772,-0.0234895,-0.0234969,-0.0234993,-0.0234969,-0.0234895,-0.0234772,-0.0234599,-0.0234378,-0.0234106,-0.0233786,-0.0233415,-0.0232994,-0.0232523,-0.0232001,-0.0231428,-0.0230804,-0.0230128,-0.0229401,-0.0228621,-0.0227787,-0.0226901,-0.0225961,-0.0224966,-0.0223916,-0.022281,-0.0221647,-0.0220428,-0.021915,-0.0217814,-0.0216418,-0.0214962,-0.0213444,-0.0211864,-0.0210221,-0.0208512,-0.0206738,-0.0204897,-0.0202988,-0.0201009,-0.019896,-0.0196838,-0.0194641,-0.019237,-0.019002,-0.0187592,-0.0185083,-0.018249,-0.0179812,-0.0177047,-0.0174193,-0.0171246,-0.0168204,-0.0165064,-0.0161824,-0.0158481,-0.015503,-0.0151469,-0.0147794,-0.0144,-0.0140085,-0.0136042,-0.0131868,-0.0127557,-0.0123104,-0.0118502,-0.0113746,-0.0108829,-0.0103743,-0.00984795,-0.00930311,-0.00873882,-0.00815408,-0.00754781,-0.00691884,-0.00626593,-0.00558773,-0.00488281,-0.00414962,-0.00338654,-0.00259186,-0.00176379,-0.000900465,0
0,-0.000945437,-0.0018536,-0.00272624,-0.0035651,-0.00437185,-0.00514811,-0.00589543,-0.00661527,-0.00730902,-0.00797798,-0.00862338,-0.00924634,-0.00984795,-0.0104292,-0.010991,-0.0115342,-0.0120596,-0.012568,-0.0130601,-0.0135365,-0.0139978,-0.0144446,-0.0148774,-0.0152967,-0.0157031,-0.0160968,-0.0164784,-0.0168483,-0.0172067,-0.0175541,-0.0178907,-0.0182169,-0.018533,-0.0188393,-0.0191359,-0.0194232,-0.0197013,-0.0199706,-0.0202312,-0.0204833,-0.0207272,-0.0209629,-0.0211907,-0.0214107,-0.0216232,-0.0218281,-0.0220258,-0.0222163,-0.0223997,-0.0225762,-0.0227459,-0.0229089,-0.0230653,-0.0232152,-0.0233587,-0.0234959,-0.0236268,-0.0237517,-0.0238705,-0.0239832,-0.0240901,-0.0241911,-0.0242863,-0.0243758,-0.0244596,-0.0245378,-0.0246104,-0.0246774,-0.0247389,-0.024795,-0.0248456,-0.0248908,-0.0249307,-0.0249652,-0.0249943,-0.0250181,-0.0250366,-0.0250498,-0.0250578,-0.0250604,-0.0250578,-0.0250498,-0.0250366,-0.0250181,-0.0249943,-0.0249652,-0.0249307,-0.0248908,-0.0248456,-0.024795,-0.0247389,-0.0246774,-0.0246104,-0.0245378,-0.0244596,-0.0243758,-0.0242863,-0.0241911,-0.0240901,-0.0239832,-0.0238705,-0.0237517,-0.0236268,-0.0234959,-0.0233587,-0.0232152,-0.0230653,-0.0229089,-0.0227459,-0.0225762,-0.0223997,-0.0222163,-0.0220258,-0.0218281,-0.0216232,-0.0214107,-0.0211907,-0.0209629,-0.0207272,-0.0204833,-0.0202312,-0.0199706,-0.0197013,-0.0194232,-0.0191359,-0.0188393,-0.018533,-0.0182169,-0.0178907,-0.0175541,-0.0172067,-0.0168483,-0.0164784,-0.0160968,-0.0157031,-0.0152967,-0.0148774,-0.0144446,-0.0139978,-0.0135365,-0.0130601,-0.012568,-0.0120596,-0.0115342,-0.010991,-0.0104292,-0.00984795,-0.00924634,-0.00862338,-0.00797798,-0.00730902,-0.00661527,-0.00589543,-0.00514811,-0.00437185,-0.0035651,-0.00272624,-0.0018536,-0.000945437,0
0,-0.000988639,-0.00193988,-0.00285538,-0.00373674,-0.00458557,-0.00540338,-0.00619164,-0.00695175,-0.00768505,-0.0083928,-0.00907618,-0.00973631,-0.0103743,-0.010991,-0.0115874,-0.0121644,-0.0127228,-0.0132633,-0.0137866,-0.0142935,-0.0147844,-0.0152601,-0.015721,-0.0161677,-0.0166006,-0.0170202,-0.0174269,-0.0178212,-0.0182034,-0.0185738,-0.0189328,-0.0192808,-0.019618,-0.0199447,-0.0202612,-0.0205678,-0.0208646,-0.0211521,-0.0214302,-0.0216994,-0.0219597,-0.0222114,-0.0224546,-0.0226895,-0.0229164,-0.0231353,-0.0233464,-0.0235498,-0.0237457,-0.0239342,-0.0241155,-0.0242896,-0.0244566,-0.0246168,-0.0247701,-0.0249167,-0.0250566,-0.02519,-0.0253169,-0.0254374,-0.0255516,-0.0256595,-0.0257612,-0.0258568,-0.0259464,-0.0260299,-0.0261075,-0.0261791,-0.0262449,-0.0263048,-0.0263589,-0.0264072,-0.0264497,-0.0264866,-0.0265177,-0.0265432,-0.026563,-0.0265771,-0.0265856,-0.0265884,-0.0265856,-0.0265771,-0.026563,-0.0265432,-0.0265177,-0.0264866,-0.0264497,-0.0264072,-0.0263589,-0.0263048,-0.0262449,-0.0261791,-0.0261075,-0.0260299,-0.0259464,-0.0258568,-0.0257612,-0.0256595,-0.0255516,-0.0254374,-0.0253169,-0.02519,-0.0250566,-0.0249167,-0.0247701,-0.0246168,-0.0244566,-0.0242896,-0.0241155,-0.0239342,-0.0237457,-0.0235498,-0.0233464,-0.0231353,-0.0229164,-0.0226895,-0.0224546,-0.0222114,-0.0219597,-0.0216994,-0.0214302,-0.0211521,-0.0208646,-0.0205678,-0.0202612,-0.0199447,-0.019618,-0.0192808,-0.0189328,-0.0185738,-0.0182034,-0.0178212,-0.0174269,-0.0170202,-0.0166006,-0.0161677,-0.015721,-0.0152601,-0.0147844,-0.0142935,-0.0137866,-0.0132633,-0.0127228,-0.0121644,-0.0115874,-0.010991,-0.0103743,-0.00973631,-0.00907618,-0.0083928,-0.00768505,-0.00695175,-0.00619164,-0.00540338,-0.00458557,-0.00373674,-0.00285538,-0.00193988,-0.000988639,0
0,-0.00103019,-0.00202288,-0.00297962,-0.00390193,-0.00479131,-0.00564921,-0.00647702,-0.00727609,-0.00804769,-0.00879305,-0.00951331,-0.0102096,-0.0108829,-0.0115342,-0.0121644,-0.0127744,-0.013365,-0.0139369,-0.0144909,-0.0150276,-0.0155476,-0.0160516,-0.0165401,-0.0170136,-0.0174727,-0.0179177,-0.0183492,-0.0187675,-0.019173,-0.0195662,-0.0199473,-0.0203167,-0.0206748,-0.0210217,-0.0213579,-0.0216835,-0.0219988,-0.0223042,-0.0225997,-0.0228857,-0.0231623,-0.0234297,-0.0236882,-0.0239379,-0.0241791,-0.0244117,-0.0246361,-0.0248524,-0.0250606,-0.0252611,-0.0254538,-0.0256389,-0.0258165,-0.0259868,-0.0261498,-0.0263057,-0.0264545,-0.0265963,-0.0267313,-0.0268594,-0.0269808,-0.0270956,-0.0272038,-0.0273055,-0.0274008,-0.0274896,-0.0275721,-0.0276483,-0.0277182,-0.0277819,-0.0278395,-0.0278909,-0.0279362,-0.0279753,-0.0280085,-0.0280355,-0.0280566,-0.0280716,-0.0280806,-0.0280836,-0.0280806,-0.0280716,-0.0280566,-0.0280355,-0.0280085,-0.0279753,-0.0279362,-0.0278909,-0.0278395,-0.0277819,-0.0277182,-0.0276483,-0.0275721,-0.0274896,-0.0274008,-0.0273055,-0.0272038,-0.0270956,-0.0269808,-0.0268594,-0.0267313,-0.0265963,-0.0264545,-0.0263057,-0.0261498,-0.0259868,-0.0258165,-0.0256389,-0.0254538,-0.0252611,-0.0250606,-0.0248524,-0.0246361,-0.0244117,-0.0241791,-0.0239379,-0.0236882,-0.0234297,-0.0231623,-0.0228857,-0.0225997,-0.0223042,-0.0219988,-0.0216835,-0.0213579,-0.0210217,-0.0206748,-0.0203167,-0.0199473,-0.0195662,-0.019173,-0.0187675,-0.0183492,-0.0179177,-0.0174727,-0.0170136,-0.0165401,-0.0160516,-0.0155476,-0.0150276,-0.0144909,-0.0139369,-0.013365,-0.0127744,-0.0121644,-0.0115342,-0.0108829,-0.0102096,-0.00951331,-0.00879305,-0.00804769,-0.00727609,-0.00647702,-0.00564921,-0.00479131,-0.00390193,-0.00297962,-0.00202288,-0.00103019,0
0,-0.00107019,-0.00210279,-0.00309926,-0.00406104,-0.00498955,-0.00588615,-0.00675219,-0.00758894,-0.00839764,-0.00917947,-0.00993554,-0.0106669,-0.0113746,-0.0120596,-0.0127228,-0.013365,-0.013987,-0.0145897,-0.0151736,-0.0157395,-0.0162881,-0.0168199,-0.0173355,-0.0178354,-0.0183201,-0.0187901,-0.0192459,-0.0196879,-0.0201164,-0.020532,-0.0209349,-0.0213254,-0.021704,-0.0220709,-0.0224264,-0.0227709,-0.0231045,-0.0234275,-0.0237402,-0.0240428,-0.0243355,-0.0246186,-0.0248921,-0.0251564,-0.0254117,-0.025658,-0.0258955,-0.0261245,-0.026345,-0.0265572,-0.0267612,-0.0269572,-0.0271453,-0.0273256,-0.0274983,-0.0276633,-0.0278209,-0.0279711,-0.028114,-0.0282498,-0.0283784,-0.0285,-0.0286146,-0.0287223,-0.0288232,-0.0289173,-0.0290047,-0.0290854,-0.0291595,-0.029227,-0.0292879,-0.0293424,-0.0293903,-0.0294318,-0.0294669,-0.0294956,-0.0295179,-0.0295338,-0.0295434,-0.0295465,-0.0295434,-0.0295338,-0.0295179,-0.0294956,-0.0294669,-0.0294318,-0.0293903,-0.0293424,-0.0292879,-0.029227,-0.0291595,-0.0290854,-0.0290047,-0.0289173,-0.0288232,-0.0287223,-0.0286146,-0.0285,-0.0283784,-0.0282498,-0.028114,-0.0279711,-0.0278209,-0.0276633,-0.0274983,-0.0273256,-0.0271453,-0.0269572,-0.0267612,-0.0265572,-0.026345,-0.0261245,-0.0258955,-0.025658,-0.0254117,-0.0251564,-0.0248921,-0.0246186,-0.0243355,-0.0240428,-0.0237402,-0.0234275,-0.0231045,-0.0227709,-0.0224264,-0.0220709,-0.021704,-0.0213254,-0.0209349,-0.020532,-0.0201164,-0.0196879,-0.0192459,-0.0187901,-0.0183201,-0.0178354,-0.0173355,-0.0168199,-0.0162881,-0.0157395,-0.0151736,-0.0145897,-0.013987,-0.013365,-0.0127228,-0.0120596,-0.0113746,-0.0106669,-0.00993554,-0.00917947,-0.00839764,-0.00758894,-0.00675219,-0.00588615,-0.00498955,-0.00406104,-0.00309926,-0.00210279,-0.00107019,0
0,-0.00110874,-0.0021798,-0.00321458,-0.00421443,-0.0051807,-0.00611469,-0.00701768,-0.00789091,-0.00873554,-0.00955273,-0.0103436,-0.0111091,-0.0118502,-0.012568,-0.0132633,-0.0139369,-0.0145897,-0.0152223,-0.0158356,-0.0164301,-0.0170066,-0.0175656,-0.0181078,-0.0186335,-0.0191435,-0.0196381,-0.0201178,-0.020583,-0.0210342,-0.0214718,-0.0218961,-0.0223075,-0.0227063,-0.0230929,-0.0234676,-0.0238305,-0.0241821,-0.0245226,-0.0248523,-0.0251713,-0.0254799,-0.0257784,-0.0260668,-0.0263456,-0.0266147,-0.0268745,-0.0271251,-0.0273666,-0.0275992,-0.027823,-0.0280383,-0.0282451,-0.0284435,-0.0286338,-0.0288159,-0.0289901,-0.0291564,-0.0293149,-0.0294657,-0.0296089,-0.0297447,-0.029873,-0.0299939,-0.0301076,-0.0302141,-0.0303134,-0.0304056,-0.0304908,-0.030569,-0.0306402,-0.0307046,-0.030762,-0.0308127,-0.0308565,-0.0308935,-0.0309238,-0.0309473,-0.0309641,-0.0309742,-0.0309776,-0.0309742,-0.0309641,-0.0309473,-0.0309238,-0.0308935,-0.0308565,-0.0308127,-0.030762,-0.0307046,-0.0306402,-0.030569,-0.0304908,-0.0304056,-0.0303134,-0.0302141,-0.0301076,-0.0299939,-0.029873,-0.0297447,-0.0296089,-0.0294657,-0.0293149,-0.0291564,-0.0289901,-0.0288159,-0.0286338,-0.0284435,-0.0282451,-0.0280383,-0.027823,-0.0275992,-0.0273666,-0.0271251,-0.0268745,-0.0266147,-0.0263456,-0.0260668,-0.0257784,-0.0254799,-0.0251713,-0.0248523,-0.0245226,-0.0241821,-0.0238305,-0.0234676,-0.0230929,-0.0227063,-0.0223075,-0.0218961,-0.0214718,-0.0210342,-0.020583,-0.0201178,-0.0196381,-0.0191435,-0.0186335,-0.0181078,-0.0175656,-0.0170066,-0.0164301,-0.0158356,-0.0152223,-0.0145897,-0.0139369,-0.0132633,-0.012568,-0.0118502,-0.0111091,-0.0103436,-0.00955273,-0.00873554,-0.00789091,-0.00701768,-0.00611469,-0.0051807,-0.00421443,-0.00321458,-0.0021798,-0.00110874,0
0,-0.00114591,-0.00225407,-0.00332581,-0.0043624,-0.00536514,-0.00633527,-0.007274,-0.00818252,-0.00906197,-0.00991345,-0.010738,-0.0115367,-0.0123104,-0.0130601,-0.0137866,-0.0144909,-0.0151736,-0.0158356,-0.0164775,-0.0171,-0.0177039,-0.0182895,-0.0188577,-0.0194088,-0.0199435,-0.0204622,-0.0209654,-0.0214536,-0.021927,-0.0223863,-0.0228317,-0.0232636,-0.0236824,-0.0240883,-0.0244818,-0.024863,-0.0252324,-0.0255901,-0.0259365,-0.0262717,-0.026596,-0.0269097,-0.0272129,-0.0275058,-0.0277888,-0.0280619,-0.0283253,-0.0285792,-0.0288237,-0.0290591,-0.0292854,-0.0295029,-0.0297116,-0.0299116,-0.0301032,-0.0302864,-0.0304613,-0.030628,-0.0307866,-0.0309373,-0.0310801,-0.031215,-0.0313423,-0.0314619,-0.0315738,-0.0316783,-0.0317753,-0.0318649,-0.0319472,-0.0320222,-0.0320898,-0.0321503,-0.0322036,-0.0322497,-0.0322886,-0.0323205,-0.0323452,-0.0323629,-0.0323735,-0.032377,-0.0323735,-0.0323629,-0.0323452,-0.0323205,-0.0322886,-0.0322497,-0.0322036,-0.0321503,-0.0320898,-0.0320222,-0.0319472,-0.0318649,-0.0317753,-0.0316783,-0.0315738,-0.0314619,-0.0313423,-0.031215,-0.0310801,-0.0309373,-0.0307866,-0.030628,-0.0304613,-0.0302864,-0.0301032,-0.0299116,-0.0297116,-0.0295029,-0.0292854,-0.0290591,-0.0288237,-0.0285792,-0.0283253,-0.0280619,-0.0277888,-0.0275058,-0.0272129,-0.0269097,-0.026596,-0.0262717,-0.0259365,-0.0255901,-0.0252324,-0.024863,-0.0244818,-0.0240883,-0.0236824,-0.0232636,-0.0228317,-0.0223863,-0.021927,-0.0214536,-0.0209654,-0.0204622,-0.0199435,-0.0194088,-0.0188577,-0.0182895,-0.0177039,-0.0171,-0.0164775,-0.0158356,-0.0151736,-0.0144909,-0.0137866,-0.0130601,-0.0123104,-0.0115367,-0.010738,-0.00991345,-0.00906197,-0.00818252,-0.007274,-0.00633527,-0.00536514,-0.0043624,-0.00332581,-0.00225407,-0.00114591,0
0,-0.00118178,-0.00232575,-0.00343316,-0.00450524,-0.00554322,-0.00654828,-0.00752159,-0.00846429,-0.00937747,-0.0102622,-0.0111195,-0.0119504,-0.0127557,-0.0135365,-0.0142935,-0.0150276,-0.0157395,-0.0164301,-0.0171,-0.0177499,-0.0183805,-0.0189923,-0.0195859,-0.020162,-0.0207209,-0.0212633,-0.0217895,-0.0223001,-0.0227955,-0.0232761,-0.0237422,-0.0241943,-0.0246327,-0.0250577,-0.0254697,-0.025869,-0.0262558,-0.0266305,-0.0269933,-0.0273445,-0.0276843,-0.028013,-0.0283307,-0.0286378,-0.0289343,-0.0292205,-0.0294966,-0.0297627,-0.0300191,-0.0302659,-0.0305032,-0.0307312,-0.03095,-0.0311597,-0.0313606,-0.0315527,-0.0317361,-0.0319109,-0.0320773,-0.0322353,-0.032385,-0.0325266,-0.03266,-0.0327854,-0.0329029,-0.0330125,-0.0331142,-0.0332082,-0.0332945,-0.0333731,-0.0334441,-0.0335075,-0.0335634,-0.0336118,-0.0336527,-0.0336861,-0.033712,-0.0337306,-0.0337417,-0.0337454,-0.0337417,-0.0337306,-0.033712,-0.0336861,-0.0336527,-0.0336118,-0.0335634,-0.0335075,-0.0334441,-0.0333731,-0.0332945,-0.0332082,-0.0331142,-0.0330125,-0.0329029,-0.0327854,-0.03266,-0.0325266,-0.032385,-0.0322353,-0.0320773,-0.0319109,-0.0317361,-0.0315527,-0.0313606,-0.0311597,-0.03095,-0.0307312,-0.0305032,-0.0302659,-0.0300191,-0.0297627,-0.0294966,-0.0292205,-0.0289343,-0.0286378,-0.0283307,-0.028013,-0.0276843,-0.0273445,-0.0269933,-0.0266305,-0.0262558,-0.025869,-0.0254697,-0.0250577,-0.0246327,-0.0241943,-0.0237422,-0.0232761,-0.0227955,-0.0223001,-0.0217895,-0.0212633,-0.0207209,-0.020162,-0.0195859,-0.0189923,-0.0183805,-0.0177499,-0.0171,-0.0164301,-0.0157395,-0.0150276,-0.0142935,-0.0135365,-0.0127557,-0.0119504,-0.0111195,-0.0102622,-0.00937747,-0.00846429,-0.00752159,-0.00654828,-0.00554322,-0.00450524,-0.00343316,-0.00232575,-0.00118178,0
0,-0.00121641,-0.00239496,-0.00353683,-0.0046432,-0.00571524,-0.00675408,-0.00776085,-0.00873664,-0.00968251,-0.0105995,-0.0114886,-0.0123507,-0.0131868,-0.0139978,-0.0147844,-0.0155476,-0.0162881,-0.0170066,-0.0177039,-0.0183805,-0.0190372,-0.0196745,-0.0202931,-0.0208935,-0.0214763,-0.0220418,-0.0225907,-0.0231233,-0.0236402,-0.0241417,-0.0246282,-0.0251001,-0.0255578,-0.0260016,-0.0264319,-0.0268489,-0.0272529,-0.0276443,-0.0280234,-0.0283903,-0.0287454,-0.0290888,-0.0294209,-0.0297418,-0.0300517,-0.0303509,-0.0306395,-0.0309178,-0.0311858,-0.0314438,-0.0316919,-0.0319303,-0.0321591,-0.0323785,-0.0325885,-0.0327894,-0.0329812,-0.0331641,-0.0333381,-0.0335033,-0.0336599,-0.033808,-0.0339476,-0.0340788,-0.0342017,-0.0343163,-0.0344227,-0.0345211,-0.0346113,-0.0346936,-0.0347678,-0.0348342,-0.0348926,-0.0349432,-0.034986,-0.0350209,-0.0350481,-0.0350675,-0.0350791,-0.035083,-0.0350791,-0.0350675,-0.0350481,-0.0350209,-0.034986,-0.0349432,-0.0348926,-0.0348342,-0.0347678,-0.0346936,-0.0346113,-0.0345211,-0.0344227,-0.0343163,-0.0342017,-0.0340788,-0.0339476,-0.033808,-0.0336599,-0.0335033,-0.0333381,-0.0331641,-0.0329812,-0.0327894,-0.0325885,-0.0323785,-0.0321591,-0.0319303,-0.0316919,-0.0314438,-0.0311858,-0.0309178,-0.0306395,-0.0303509,-0.0300517,-0.0297418,-0.0294209,-0.0290888,-0.0287454,-0.0283903,-0.0280234,-0.0276443,-0.0272529,-0.0268489,-0.0264319,-0.0260016,-0.0255578,-0.0251001,-0.0246282,-0.0241417,-0.0236402,-0.0231233,-0.0225907,-0.0220418,-0.0214763,-0.0208935,-0.0202931,-0.0196745,-0.0190372,-0.0183805,-0.0177039,-0.0170066,-0.0162881,-0.0155476,-0.0147844,-0.0139978,-0.0131868,-0.0123507,-0.0114886,-0.0105995,-0.00968251,-0.00873664,-0.00776085,-0.00675408,-0.00571524,-0.0046432,-0.00353683,-0.00239496,-0.00121641,0
0,-0.00124987,-0.00246182,-0.00363699,-0.0047765,-0.00588148,-0.00695301,-0.00799217,-0.00900001,-0.00997756,-0.0109258,-0.0118457,-0.0127382,-0.0136042,-0.0144446,-0.0152601,-0.0160516,-0.0168199,-0.0175656,-0.0182895,-0.0189923,-0.0196745,-0.0203369,-0.0209799,-0.0216041,-0.0222102,-0.0227985,-0.0233695,-0.0239238,-0.0244617,-0.0249838,-0.0254903,-0.0259817,-0.0264584,-0.0269206,-0.0273688,-0.0278032,-0.0282243,-0.0286321,-0.0290272,-0.0294096,-0.0297797,-0.0301377,-0.0304839,-0.0308185,-0.0311416,-0.0314536,-0.0317546,-0.0320447,-0.0323243,-0.0325933,-0.0328521,-0.0331008,-0.0333395,-0.0335683,-0.0337874,-0.033997,-0.0341971,-0.0343879,-0.0345694,-0.0347418,-0.0349053,-0.0350597,-0.0352054,-0.0353423,-0.0354705,-0.0355901,-0.0357012,-0.0358038,-0.035898,-0.0359839,-0.0360614,-0.0361306,-0.0361916,-0.0362444,-0.036289,-0.0363255,-0.0363539,-0.0363741,-0.0363862,-0.0363903,-0.0363862,-0.0363741,-0.0363539,-0.0363255,-0.036289,-0.0362444,-0.0361916,-0.0361306,-0.0360614,-0.0359839,-0.035898,-0.0358038,-0.0357012,-0.0355901,-0.0354705,-0.0353423,-0.0352054,-0.0350597,-0.0349053,-0.0347418,-0.0345694,-0.0343879,-0.0341971,-0.033997,-0.0337874,-0.0335683,-0.0333395,-0.0331008,-0.0328521,-0.0325933,-0.0323243,-0.0320447,-0.0317546,-0.0314536,-0.0311416,-0.0308185,-0.0304839,-0.0301377,-0.0297797,-0.0294096,-0.0290272,-0.0286321,-0.0282243,-0.0278032,-0.0273688,-0.0269206,-0.0264584,-0.0259817,-0.0254903,-0.0249838,-0.0244617,-0.0239238,-0.0233695,-0.0227985,-0.0222102,-0.0216041,-0.0209799,-0.0203369,-0.0196745,-0.0189923,-0.0182895,-0.0175656,-0.0168199,-0.0160516,-0.0152601,-0.0144446,-0.0136042,-0.0127382,-0.0118457,-0.0109258,-0.00997756,-0.00900001,-0.00799217,-0.00695301,-0.00588148,-0.0047765,-0.00363699,-0.00246182,-0.00124987,0
