1.89466e-27,0,0,0,0,0,0,0,0,0,0,0,0,0,0,0,0,0,0,0,0,0,0,0,0,0,0,0,0,0,0,0,0,0,0,0,0,0,0,0,0,0,0,0,0,0,0,0,0,0,0,0,0,0,0,0,0,0,0,0,0,0,0,0,0,0,0,0,0,0,0,0,0,0,0,0,0,0,0,0,0,0,0,0,0,0,0,0,0,0,0,0,0,0,0,0,0,0,0,0,0,0,0,0,0,0,0,0,0,0,0,0,0,0,0,0,0,0,0,0,0,0,0,0,0,0,0,0,0,0,0,0,0,0,0,0,0,0,0,0,0,0,0,0,0,0,0,0,0,0,0,0,0,0,0,0,0,0,0,0,0
0,-0.000118956,-0.00021838,-0.000305994,-0.000385429,-0.000458673,-0.000526952,-0.000591089,-0.000651675,-0.000709153,-0.000763869,-0.000816099,-0.000866069,-0.000913967,-0.000959952,-0.00100416,-0.00104671,-0.00108771,-0.00112725,-0.0011654,-0.00120224,-0.00123784,-0.00127226,-0.00130555,-0.00133775,-0.00136891,-0.00139908,-0.00142829,-0.00145658,-0.00148398,-0.00151052,-0.00153622,-0.00156112,-0.00158524,-0.0016086,-0.00163122,-0.00165313,-0.00167434,-0.00169487,-0.00171473,-0.00173395,-0.00175254,-0.00177052,-0.00178789,-0.00180466,-0.00182087,-0.0018365,-0.00185158,-0.00186611,-0.00188011,-0.00189358,-0.00190653,-0.00191897,-0.00193092,-0.00194236,-0.00195333,-0.00196381,-0.00197382,-0.00198336,-0.00199244,-0.00200106,-0.00200923,-0.00201696,-0.00202424,-0.00203109,-0.0020375,-0.00204348,-0.00204904,-0.00205417,-0.00205888,-0.00206317,-0.00206705,-0.00207051,-0.00207356,-0.00207621,-0.00207844,-0.00208026,-0.00208168,-0.00208269,-0.0020833,-0.0020835,-0.0020833,-0.0020827,-0.00208168,-0.00208027,-0.00207844,-0.00207621,-0.00207357,-0.00207052,-0.00206706,-0.00206318,-0.00205889,-0.00205418,-0.00204905,-0.0020435,-0.00203752,-0.0020311,-0.00202426,-0.00201698,-0.00200925,-0.00200108,-0.00199246,-0.00198338,-0.00197384,-0.00196383,-0.00195335,-0.00194239,-0.00193094,-0.001919,-0.00190655,-0.0018936,-0.00188013,-0.00186613,-0.0018516,-0.00183652,-0.00182089,-0.00180469,-0.00178791,-0.00177054,-0.00175257,-0.00173398,-0.00171476,-0.00169489,-0.00167436,-0.00165315,-0.00163125,-0.00160862,-0.00158526,-0.00156115,-0.00153625,-0.00151054,-0.00148401,-0.00145661,-0.00142832,-0.00139911,-0.00136894,-0.00133777,-0.00130557,-0.00127228,-0.00123787,-0.00120227,-0.00116542,-0.00112727,-0.00108773,-0.00104673,-0.00100418,-0.000959969,-0.000913983,-0.000866084,-0.000816113,-0.000763882,-0.000709165,-0.000651685,-0.000591098,-0.00052696,-0.00045868,-0.000385435,-0.000305998,-0.000218383,-0.000118957,7.57864e-28
0,-0.00021838,-0.000409508,-0.000581105,-0.000737987,-0.00088325,-0.00101898,-0.00114667,-0.0012674,-0.00138201,-0.00149116,-0.0015954,-0.00169515,-0.00179079,-0.00188262,-0.00197092,-0.00205592,-0.00213783,-0.00221681,-0.00229305,-0.00236667,-0.00243781,-0.00250659,-0.00257311,-0.00263747,-0.00269976,-0.00276007,-0.00281845,-0.002875,-0.00292976,-0.00298281,-0.00303419,-0.00308396,-0.00313218,-0.00317887,-0.0032241,-0.00326789,-0.00331029,-0.00335133,-0.00339105,-0.00342948,-0.00346665,-0.00350258,-0.0035373,-0.00357085,-0.00360324,-0.0036345,-0.00366464,-0.0036937,-0.00372168,-0.00374861,-0.00377451,-0.00379939,-0.00382327,-0.00384616,-0.00386807,-0.00388903,-0.00390904,-0.00392812,-0.00394628,-0.00396352,-0.00397986,-0.0039953,-0.00400987,-0.00402356,-0.00403638,-0.00404834,-0.00405945,-0.00406971,-0.00407912,-0.00408771,-0.00409546,-0.00410238,-0.00410848,-0.00411376,-0.00411823,-0.00412188,-0.00412471,-0.00412674,-0.00412795,-0.00412836,-0.00412795,-0.00412674,-0.00412472,-0.00412188,-0.00411824,-0.00411378,-0.0041085,-0.0041024,-0.00409548,-0.00408773,-0.00407915,-0.00406973,-0.00405947,-0.00404836,-0.0040364,-0.00402359,-0.0040099,-0.00399534,-0.00397989,-0.00396355,-0.00394631,-0.00392816,-0.00390908,-0.00388907,-0.00386812,-0.0038462,-0.00382331,-0.00379944,-0.00377456,-0.00374866,-0.00372173,-0.00369375,-0.00366469,-0.00363455,-0.00360329,-0.0035709,-0.00353736,-0.00350263,-0.0034667,-0.00342953,-0.00339111,-0.00335139,-0.00331035,-0.00326795,-0.00322415,-0.00317893,-0.00313223,-0.00308402,-0.00303424,-0.00298286,-0.00292981,-0.00287505,-0.0028185,-0.00276012,-0.00269981,-0.00263752,-0.00257316,-0.00250664,-0.00243786,-0.00236672,-0.00229309,-0.00221685,-0.00213786,-0.00205596,-0.00197096,-0.00188265,-0.00179082,-0.00169518,-0.00159543,-0.00149119,-0.00138203,-0.00126742,-0.00114669,-0.001019,-0.000883264,-0.000737999,-0.000581114,-0.000409514,-0.000218383,1.51573e-27
0,-0.000305994,-0.000581105,-0.00083187,-0.0010631,-0.0012783,-0.00148,-0.00167014,-0.00185017,-0.00202126,-0.00218432,-0.00234012,-0.00248928,-0.00263235,-0.00276976,-0.00290192,-0.00302917,-0.0031518,-0.00327008,-0.00338425,-0.00349452,-0.00360109,-0.00370412,-0.00380379,-0.00390022,-0.00399355,-0.0040839,-0.0041714,-0.00425613,-0.0043382,-0.0044177,-0.00449471,-0.00456931,-0.00464157,-0.00471157,-0.00477935,-0.004845,-0.00490855,-0.00497007,-0.00502961,-0.00508721,-0.00514293,-0.00519679,-0.00524885,-0.00529914,-0.0053477,-0.00539455,-0.00543975,-0.00548331,-0.00552526,-0.00556563,-0.00560446,-0.00564176,-0.00567755,-0.00571187,-0.00574473,-0.00577615,-0.00580615,-0.00583476,-0.00586197,-0.00588782,-0.00591232,-0.00593548,-0.00595732,-0.00597784,-0.00599706,-0.006015,-0.00603165,-0.00604703,-0.00606115,-0.00607402,-0.00608564,-0.00609603,-0.00610517,-0.00611309,-0.00611978,-0.00612525,-0.0061295,-0.00613254,-0.00613436,-0.00613497,-0.00613437,-0.00613255,-0.00612951,-0.00612526,-0.0061198,-0.00611311,-0.00610519,-0.00609605,-0.00608567,-0.00607405,-0.00606118,-0.00604707,-0.00603168,-0.00601503,-0.0059971,-0.00597788,-0.00595736,-0.00593553,-0.00591237,-0.00588788,-0.00586203,-0.00583481,-0.00580621,-0.00577621,-0.00574479,-0.00571194,-0.00567762,-0.00564183,-0.00560453,-0.0055657,-0.00552533,-0.00548338,-0.00543982,-0.00539463,-0.00534777,-0.00529922,-0.00524893,-0.00519687,-0.00514301,-0.00508729,-0.00502969,-0.00497015,-0.00490863,-0.00484508,-0.00477943,-0.00471165,-0.00464165,-0.00456939,-0.00449479,-0.00441778,-0.00433828,-0.00425621,-0.00417147,-0.00408398,-0.00399362,-0.00390029,-0.00380386,-0.00370419,-0.00360116,-0.00349459,-0.00338431,-0.00327014,-0.00315185,-0.00302922,-0.00290197,-0.00276981,-0.0026324,-0.00248933,-0.00234016,-0.00218436,-0.00202129,-0.0018502,-0.00167017,-0.00148003,-0.00127832,-0.00106312,-0.000831883,-0.000581114,-0.000305999,2.27359e-27
0,-0.000385429,-0.000737987,-0.0010631,-0.0013652,-0.00164777,-0.00191353,-0.00216465,-0.00240284,-0.00262947,-0.00284568,-0.00305242,-0.00325046,-0.0034405,-0.0036231,-0.00379878,-0.00396797,-0.00413106,-0.0042884,-0.00444029,-0.00458703,-0.00472884,-0.00486598,-0.00499863,-0.005127,-0.00525125,-0.00537155,-0.00548805,-0.00560088,-0.00571017,-0.00581604,-0.0059186,-0.00601795,-0.00611419,-0.00620741,-0.0062977,-0.00638514,-0.0064698,-0.00655175,-0.00663106,-0.00670779,-0.00678201,-0.00685376,-0.00692312,-0.00699011,-0.0070548,-0.00711723,-0.00717744,-0.00723547,-0.00729136,-0.00734516,-0.00739688,-0.00744658,-0.00749427,-0.00754,-0.00758378,-0.00762564,-0.00766562,-0.00770373,-0.00773999,-0.00777444,-0.00780708,-0.00783794,-0.00786703,-0.00789438,-0.00791999,-0.00794389,-0.00796608,-0.00798658,-0.00800539,-0.00802254,-0.00803802,-0.00805186,-0.00806405,-0.00807459,-0.00808351,-0.0080908,-0.00809647,-0.00810051,-0.00810294,-0.00810375,-0.00810294,-0.00810052,-0.00809648,-0.00809082,-0.00808353,-0.00807462,-0.00806407,-0.00805189,-0.00803806,-0.00802258,-0.00800543,-0.00798662,-0.00796612,-0.00794394,-0.00792005,-0.00789444,-0.00786709,-0.007838,-0.00780715,-0.00777451,-0.00774007,-0.0077038,-0.0076657,-0.00762572,-0.00758386,-0.00754008,-0.00749436,-0.00744667,-0.00739698,-0.00734525,-0.00729146,-0.00723557,-0.00717754,-0.00711733,-0.0070549,-0.00699021,-0.00692322,-0.00685387,-0.00678211,-0.0067079,-0.00663116,-0.00655185,-0.0064699,-0.00638525,-0.00629781,-0.00620752,-0.0061143,-0.00601805,-0.0059187,-0.00581614,-0.00571027,-0.00560098,-0.00548815,-0.00537165,-0.00525135,-0.00512709,-0.00499873,-0.00486607,-0.00472893,-0.00458711,-0.00444038,-0.00428848,-0.00413114,-0.00396804,-0.00379885,-0.00362317,-0.00344056,-0.00325052,-0.00305247,-0.00284573,-0.00262952,-0.00240288,-0.00216469,-0.00191357,-0.00164779,-0.00136522,-0.00106312,-0.000737999,-0.000385435,3.03146e-27
0,-0.000458673,-0.00088325,-0.0012783,-0.00164777,-0.00199497,-0.00232265,-0.00263304,-0.002928,-0.00320904,-0.00347746,-0.00373434,-0.0039806,-0.00421703,-0.00444432,-0.00466307,-0.00487381,-0.00507702,-0.0052731,-0.00546245,-0.00564539,-0.00582223,-0.00599325,-0.00615871,-0.00631884,-0.00647386,-0.00662396,-0.00676932,-0.00691011,-0.0070465,-0.00717863,-0.00730664,-0.00743064,-0.00755078,-0.00766715,-0.00777986,-0.00788901,-0.0079947,-0.00809701,-0.00819603,-0.00829184,-0.0083845,-0.0084741,-0.00856069,-0.00864435,-0.00872512,-0.00880308,-0.00887826,-0.00895073,-0.00902053,-0.0090877,-0.0091523,-0.00921436,-0.00927392,-0.00933102,-0.0093857,-0.00943798,-0.00948791,-0.0095355,-0.0095808,-0.00962381,-0.00966458,-0.00970312,-0.00973946,-0.00977361,-0.0098056,-0.00983544,-0.00986316,-0.00988876,-0.00991226,-0.00993368,-0.00995302,-0.00997029,-0.00998552,-0.00999869,-0.0100098,-0.0100189,-0.010026,-0.0100311,-0.0100341,-0.0100351,-0.0100341,-0.0100311,-0.010026,-0.010019,-0.0100099,-0.00999872,-0.00998555,-0.00997033,-0.00995306,-0.00993372,-0.00991231,-0.00988881,-0.00986322,-0.00983551,-0.00980567,-0.00977368,-0.00973953,-0.0097032,-0.00966466,-0.0096239,-0.00958089,-0.0095356,-0.00948801,-0.00943809,-0.0093858,-0.00933113,-0.00927403,-0.00921447,-0.00915242,-0.00908782,-0.00902065,-0.00895085,-0.00887838,-0.0088032,-0.00872525,-0.00864448,-0.00856082,-0.00847423,-0.00838463,-0.00829197,-0.00819616,-0.00809715,-0.00799483,-0.00788914,-0.00777999,-0.00766728,-0.00755091,-0.00743078,-0.00730677,-0.00717876,-0.00704663,-0.00691024,-0.00676944,-0.00662408,-0.00647398,-0.00631896,-0.00615883,-0.00599337,-0.00582234,-0.0056455,-0.00546255,-0.0052732,-0.00507711,-0.0048739,-0.00466316,-0.0044444,-0.00421711,-0.00398067,-0.00373441,-0.00347753,-0.0032091,-0.00292805,-0.00263309,-0.00232269,-0.00199501,-0.00164779,-0.00127832,-0.000883265,-0.000458681,3.78932e-27
0,-0.000526952,-0.00101898,-0.00148,-0.00191353,-0.00232265,-0.00271,-0.00307782,-0.00342801,-0.00376219,-0.00408173,-0.00438783,-0.0046815,-0.00496364,-0.00523501,-0.00549631,-0.00574814,-0.00599104,-0.0062255,-0.00645195,-0.0066708,-0.00688238,-0.00708704,-0.00728508,-0.00747676,-0.00766233,-0.00784204,-0.0080161,-0.00818471,-0.00834805,-0.0085063,-0.00865963,-0.00880817,-0.00895208,-0.00909149,-0.00922653,-0.0093573,-0.00948394,-0.00960653,-0.00972518,-0.00983998,-0.00995102,-0.0100584,-0.0101622,-0.0102624,-0.0103592,-0.0104527,-0.0105428,-0.0106296,-0.0107133,-0.0107938,-0.0108712,-0.0109456,-0.011017,-0.0110854,-0.011151,-0.0112136,-0.0112735,-0.0113305,-0.0113848,-0.0114364,-0.0114853,-0.0115315,-0.011575,-0.011616,-0.0116543,-0.0116901,-0.0117233,-0.011754,-0.0117822,-0.0118079,-0.011831,-0.0118518,-0.01187,-0.0118858,-0.0118992,-0.0119101,-0.0119185,-0.0119246,-0.0119282,-0.0119295,-0.0119282,-0.0119246,-0.0119186,-0.0119101,-0.0118992,-0.0118858,-0.01187,-0.0118518,-0.0118311,-0.0118079,-0.0117822,-0.0117541,-0.0117234,-0.0116902,-0.0116544,-0.0116161,-0.0115751,-0.0115316,-0.0114854,-0.0114365,-0.0113849,-0.0113307,-0.0112736,-0.0112138,-0.0111511,-0.0110856,-0.0110171,-0.0109457,-0.0108714,-0.0107939,-0.0107134,-0.0106298,-0.0105429,-0.0104528,-0.0103594,-0.0102626,-0.0101623,-0.0100585,-0.00995118,-0.00984014,-0.00972534,-0.00960669,-0.0094841,-0.00935747,-0.00922669,-0.00909165,-0.00895224,-0.00880833,-0.00865978,-0.00850646,-0.00834821,-0.00818486,-0.00801625,-0.00784219,-0.00766248,-0.0074769,-0.00728522,-0.00708718,-0.00688252,-0.00667093,-0.00645208,-0.00622562,-0.00599116,-0.00574825,-0.00549642,-0.00523511,-0.00496373,-0.00468159,-0.00438792,-0.00408181,-0.00376226,-0.00342807,-0.00307787,-0.00271005,-0.00232269,-0.00191357,-0.00148003,-0.001019,-0.00052696,4.54719e-27
0,-0.000591089,-0.00114667,-0.00167014,-0.00216465,-0.00263304,-0.00307782,-0.00350116,-0.00390497,-0.0042909,-0.0046604,-0.0050147,-0.0053549,-0.00568196,-0.00599673,-0.00629997,-0.00659234,-0.00687446,-0.00714685,-0.00741002,-0.00766441,-0.00791042,-0.00814842,-0.00837875,-0.00860172,-0.00881763,-0.00902674,-0.0092293,-0.00942553,-0.00961565,-0.00979986,-0.00997835,-0.0101513,-0.0103188,-0.0104812,-0.0106384,-0.0107907,-0.0109382,-0.0110809,-0.0112191,-0.0113528,-0.0114822,-0.0116072,-0.0117281,-0.0118449,-0.0119577,-0.0120665,-0.0121715,-0.0122727,-0.0123701,-0.0124639,-0.0125541,-0.0126408,-0.012724,-0.0128037,-0.0128801,-0.0129531,-0.0130228,-0.0130893,-0.0131526,-0.0132127,-0.0132696,-0.0133234,-0.0133742,-0.0134219,-0.0134666,-0.0135083,-0.013547,-0.0135827,-0.0136156,-0.0136455,-0.0136725,-0.0136966,-0.0137179,-0.0137363,-0.0137519,-0.0137646,-0.0137745,-0.0137815,-0.0137858,-0.0137872,-0.0137858,-0.0137816,-0.0137745,-0.0137646,-0.0137519,-0.0137364,-0.013718,-0.0136967,-0.0136726,-0.0136456,-0.0136156,-0.0135828,-0.0135471,-0.0135084,-0.0134667,-0.013422,-0.0133743,-0.0133235,-0.0132697,-0.0132128,-0.0131527,-0.0130894,-0.013023,-0.0129533,-0.0128802,-0.0128039,-0.0127241,-0.012641,-0.0125543,-0.0124641,-0.0123703,-0.0122728,-0.0121717,-0.0120667,-0.0119579,-0.0118451,-0.0117283,-0.0116074,-0.0114824,-0.011353,-0.0112193,-0.0110811,-0.0109384,-0.0107909,-0.0106386,-0.0104814,-0.010319,-0.0101515,-0.00997853,-0.00980004,-0.00961583,-0.00942571,-0.00922947,-0.00902691,-0.0088178,-0.00860189,-0.00837891,-0.00814857,-0.00791057,-0.00766456,-0.00741017,-0.007147,-0.00687459,-0.00659247,-0.00630009,-0.00599685,-0.00568207,-0.005355,-0.00501479,-0.00466049,-0.00429099,-0.00390504,-0.00350122,-0.00307787,-0.00263309,-0.00216469,-0.00167017,-0.00114669,-0.000591099,5.30505e-27
0,-0.000651675,-0.0012674,-0.00185017,-0.00240284,-0.002928,-0.00342801,-0.00390497,-0.00436075,-0.00479701,-0.0052152,-0.0056166,-0.00600237,-0.00637351,-0.00673093,-0.00707544,-0.00740776,-0.00772854,-0.00803839,-0.00833783,-0.00862735,-0.00890741,-0.00917841,-0.00944073,-0.00969471,-0.00994069,-0.0101789,-0.0104098,-0.0106334,-0.0108501,-0.0110601,-0.0112636,-0.0114608,-0.0116518,-0.0118369,-0.0120162,-0.0121899,-0.0123581,-0.0125209,-0.0126785,-0.012831,-0.0129786,-0.0131212,-0.0132591,-0.0133924,-0.013521,-0.0136452,-0.013765,-0.0138804,-0.0139916,-0.0140986,-0.0142016,-0.0143005,-0.0143954,-0.0144864,-0.0145735,-0.0146568,-0.0147364,-0.0148123,-0.0148845,-0.014953,-0.015018,-0.0150794,-0.0151374,-0.0151918,-0.0152428,-0.0152904,-0.0153346,-0.0153754,-0.0154129,-0.015447,-0.0154778,-0.0155054,-0.0155297,-0.0155507,-0.0155684,-0.0155829,-0.0155942,-0.0156023,-0.0156071,-0.0156087,-0.0156071,-0.0156023,-0.0155942,-0.015583,-0.0155685,-0.0155507,-0.0155297,-0.0155054,-0.0154779,-0.0154471,-0.0154129,-0.0153755,-0.0153347,-0.0152905,-0.0152429,-0.0151919,-0.0151375,-0.0150796,-0.0150181,-0.0149532,-0.0148846,-0.0148124,-0.0147366,-0.014657,-0.0145737,-0.0144865,-0.0143956,-0.0143006,-0.0142018,-0.0140988,-0.0139918,-0.0138806,-0.0137652,-0.0136454,-0.0135212,-0.0133926,-0.0132594,-0.0131215,-0.0129788,-0.0128313,-0.0126787,-0.0125211,-0.0123583,-0.0121901,-0.0120164,-0.0118371,-0.011652,-0.011461,-0.0112638,-0.0110603,-0.0108503,-0.0106336,-0.01041,-0.0101791,-0.00994088,-0.0096949,-0.00944091,-0.00917859,-0.00890759,-0.00862752,-0.00833799,-0.00803855,-0.0077287,-0.00740791,-0.00707558,-0.00673107,-0.00637364,-0.00600249,-0.00561671,-0.0052153,-0.0047971,-0.00436084,-0.00390504,-0.00342807,-0.00292805,-0.00240288,-0.00185021,-0.00126742,-0.000651686,6.06291e-27
0,-0.000709153,-0.00138201,-0.00202126,-0.00262947,-0.00320904,-0.00376219,-0.0042909,-0.00479701,-0.00528213,-0.00574773,-0.0061951,-0.00662542,-0.00703974,-0.007439,-0.00782405,-0.00819566,-0.00855452,-0.00890128,-0.0092365,-0.00956072,-0.00987442,-0.010178,-0.010472,-0.0107567,-0.0110324,-0.0112996,-0.0115584,-0.0118092,-0.0120523,-0.0122878,-0.0125161,-0.0127373,-0.0129517,-0.0131594,-0.0133606,-0.0135555,-0.0137443,-0.0139271,-0.014104,-0.0142752,-0.0144408,-0.014601,-0.0147558,-0.0149054,-0.0150498,-0.0151893,-0.0153237,-0.0154534,-0.0155782,-0.0156984,-0.015814,-0.0159251,-0.0160317,-0.0161339,-0.0162317,-0.0163253,-0.0164147,-0.0164999,-0.016581,-0.016658,-0.016731,-0.0168,-0.016865,-0.0169262,-0.0169835,-0.0170369,-0.0170865,-0.0171324,-0.0171745,-0.0172128,-0.0172474,-0.0172784,-0.0173056,-0.0173292,-0.0173492,-0.0173655,-0.0173782,-0.0173872,-0.0173927,-0.0173945,-0.0173927,-0.0173872,-0.0173782,-0.0173655,-0.0173492,-0.0173293,-0.0173057,-0.0172785,-0.0172475,-0.0172129,-0.0171745,-0.0171325,-0.0170866,-0.017037,-0.0169836,-0.0169263,-0.0168652,-0.0168001,-0.0167311,-0.0166581,-0.0165811,-0.0165,-0.0164148,-0.0163255,-0.0162319,-0.0161341,-0.0160319,-0.0159253,-0.0158142,-0.0156986,-0.0155785,-0.0154536,-0.015324,-0.0151895,-0.0150501,-0.0149056,-0.014756,-0.0146012,-0.0144411,-0.0142754,-0.0141042,-0.0139273,-0.0137445,-0.0135558,-0.0133609,-0.0131596,-0.0129519,-0.0127375,-0.0125163,-0.012288,-0.0120525,-0.0118094,-0.0115586,-0.0112998,-0.0110326,-0.0107569,-0.0104722,-0.0101782,-0.00987462,-0.00956091,-0.00923669,-0.00890146,-0.0085547,-0.00819583,-0.00782421,-0.00743915,-0.00703988,-0.00662555,-0.00619522,-0.00574784,-0.00528224,-0.00479711,-0.00429099,-0.00376226,-0.00320911,-0.00262952,-0.0020213,-0.00138203,-0.000709166,6.82078e-27
0,-0.000763869,-0.00149116,-0.00218432,-0.00284568,-0.00347746,-0.00408173,-0.0046604,-0.0052152,-0.00574773,-0.00625942,-0.00675159,-0.00722542,-0.00768198,-0.00812223,-0.00854705,-0.00895726,-0.00935357,-0.00973666,-0.0101071,-0.0104656,-0.0108125,-0.0111483,-0.0114735,-0.0117885,-0.0120937,-0.0123894,-0.012676,-0.0129537,-0.0132229,-0.0134838,-0.0137366,-0.0139817,-0.0142192,-0.0144493,-0.0146723,-0.0148883,-0.0150975,-0.0153001,-0.0154961,-0.0156859,-0.0158695,-0.0160471,-0.0162187,-0.0163845,-0.0165447,-0.0166992,-0.0168483,-0.0169921,-0.0171305,-0.0172638,-0.017392,-0.0175151,-0.0176333,-0.0177467,-0.0178552,-0.017959,-0.0180581,-0.0181526,-0.0182425,-0.0183279,-0.0184089,-0.0184854,-0.0185576,-0.0186254,-0.0186889,-0.0187482,-0.0188032,-0.0188541,-0.0189008,-0.0189433,-0.0189817,-0.019016,-0.0190463,-0.0190725,-0.0190946,-0.0191127,-0.0191267,-0.0191368,-0.0191428,-0.0191448,-0.0191428,-0.0191368,-0.0191268,-0.0191127,-0.0190946,-0.0190725,-0.0190464,-0.0190161,-0.0189818,-0.0189434,-0.0189009,-0.0188542,-0.0188034,-0.0187483,-0.0186891,-0.0186255,-0.0185577,-0.0184856,-0.018409,-0.0183281,-0.0182427,-0.0181528,-0.0180583,-0.0179592,-0.0178554,-0.0177469,-0.0176336,-0.0175154,-0.0173922,-0.017264,-0.0171308,-0.0169923,-0.0168486,-0.0166995,-0.0165449,-0.0163848,-0.0162189,-0.0160473,-0.0158698,-0.0156862,-0.0154964,-0.0153003,-0.0150978,-0.0148886,-0.0146726,-0.0144496,-0.0142194,-0.013982,-0.0137369,-0.013484,-0.0132231,-0.012954,-0.0126762,-0.0123897,-0.012094,-0.0117888,-0.0114737,-0.0111485,-0.0108127,-0.0104658,-0.0101073,-0.00973686,-0.00935376,-0.00895744,-0.00854723,-0.00812239,-0.00768213,-0.00722557,-0.00675173,-0.00625955,-0.00574784,-0.0052153,-0.00466049,-0.00408182,-0.00347753,-0.00284574,-0.00218436,-0.00149119,-0.000763884,7.57864e-27
0,-0.000816099,-0.0015954,-0.00234012,-0.00305242,-0.00373434,-0.00438783,-0.0050147,-0.0056166,-0.0061951,-0.00675159,-0.00728738,-0.00780365,-0.00830147,-0.00878183,-0.00924563,-0.0096937,-0.0101268,-0.0105456,-0.0109508,-0.0113429,-0.0117225,-0.0120901,-0.0124462,-0.0127912,-0.0131254,-0.0134494,-0.0137634,-0.0140677,-0.0143627,-0.0146487,-0.0149259,-0.0151946,-0.015455,-0.0157074,-0.0159519,-0.0161888,-0.0164183,-0.0166405,-0.0168556,-0.0170638,-0.0172652,-0.01746,-0.0176483,-0.0178303,-0.018006,-0.0181757,-0.0183393,-0.018497,-0.018649,-0.0187953,-0.018936,-0.0190711,-0.0192009,-0.0193253,-0.0194444,-0.0195583,-0.0196671,-0.0197708,-0.0198695,-0.0199633,-0.0200522,-0.0201362,-0.0202154,-0.0202899,-0.0203596,-0.0204247,-0.0204851,-0.020541,-0.0205922,-0.0206389,-0.0206811,-0.0207188,-0.020752,-0.0207807,-0.020805,-0.0208249,-0.0208403,-0.0208513,-0.020858,-0.0208602,-0.020858,-0.0208514,-0.0208403,-0.0208249,-0.0208051,-0.0207808,-0.0207521,-0.0207189,-0.0206812,-0.020639,-0.0205923,-0.0205411,-0.0204853,-0.0204248,-0.0203598,-0.02029,-0.0202156,-0.0201364,-0.0200524,-0.0199635,-0.0198697,-0.019771,-0.0196673,-0.0195585,-0.0194446,-0.0193255,-0.0192011,-0.0190714,-0.0189362,-0.0187955,-0.0186493,-0.0184973,-0.0183396,-0.0181759,-0.0180063,-0.0178306,-0.0176486,-0.0174603,-0.0172655,-0.0170641,-0.0168559,-0.0166408,-0.0164186,-0.0161891,-0.0159522,-0.0157077,-0.0154553,-0.0151949,-0.0149262,-0.014649,-0.014363,-0.014068,-0.0137637,-0.0134497,-0.0131257,-0.0127914,-0.0124465,-0.0120904,-0.0117228,-0.0113431,-0.010951,-0.0105458,-0.010127,-0.0096939,-0.00924582,-0.00878201,-0.00830164,-0.00780381,-0.00728754,-0.00675173,-0.00619523,-0.00561672,-0.0050148,-0.00438792,-0.00373442,-0.00305248,-0.00234017,-0.00159543,-0.000816115,3.03222e-26
0,-0.000866069,-0.00169515,-0.00248928,-0.00325046,-0.0039806,-0.0046815,-0.0053549,-0.00600237,-0.00662542,-0.00722542,-0.00780365,-0.00836127,-0.00889937,-0.00941894,-0.0099209,-0.0104061,-0.0108753,-0.0113292,-0.0117684,-0.0121937,-0.0126055,-0.0130045,-0.013391,-0.0137655,-0.0141285,-0.0144803,-0.0148214,-0.0151521,-0.0154726,-0.0157834,-0.0160847,-0.0163768,-0.0166599,-0.0169343,-0.0172001,-0.0174578,-0.0177073,-0.017949,-0.018183,-0.0184094,-0.0186285,-0.0188405,-0.0190453,-0.0192433,-0.0194345,-0.0196191,-0.0197971,-0.0199688,-0.0201341,-0.0202933,-0.0204464,-0.0205935,-0.0207347,-0.0208701,-0.0209998,-0.0211238,-0.0212422,-0.0213551,-0.0214625,-0.0215646,-0.0216613,-0.0217528,-0.021839,-0.0219201,-0.021996,-0.0220669,-0.0221327,-0.0221934,-0.0222492,-0.0223001,-0.022346,-0.022387,-0.0224232,-0.0224544,-0.0224809,-0.0225025,-0.0225193,-0.0225313,-0.0225385,-0.0225409,-0.0225385,-0.0225313,-0.0225193,-0.0225026,-0.0224809,-0.0224545,-0.0224232,-0.0223871,-0.0223461,-0.0223002,-0.0222493,-0.0221936,-0.0221328,-0.022067,-0.0219962,-0.0219203,-0.0218392,-0.021753,-0.0216615,-0.0215648,-0.0214628,-0.0213553,-0.0212424,-0.021124,-0.021,-0.0208704,-0.020735,-0.0205938,-0.0204467,-0.0202936,-0.0201344,-0.0199691,-0.0197974,-0.0196194,-0.0194348,-0.0192436,-0.0190456,-0.0188408,-0.0186288,-0.0184097,-0.0181833,-0.0179493,-0.0177076,-0.0174581,-0.0172005,-0.0169346,-0.0166602,-0.0163771,-0.016085,-0.0157837,-0.0154729,-0.0151524,-0.0148217,-0.0144806,-0.0141288,-0.0137658,-0.0133912,-0.0130047,-0.0126058,-0.012194,-0.0117687,-0.0113294,-0.0108755,-0.0104063,-0.00992111,-0.00941914,-0.00889956,-0.00836145,-0.00780381,-0.00722557,-0.00662556,-0.0060025,-0.00535501,-0.0046816,-0.00398068,-0.00325053,-0.00248934,-0.00169518,-0.000866087,9.09437e-27
0,-0.000913967,-0.00179079,-0.00263235,-0.0034405,-0.00421703,-0.00496364,-0.00568196,-0.00637351,-0.00703974,-0.00768198,-0.00830147,-0.00889937,-0.00947676,-0.0100346,-0.0105739,-0.0110954,-0.0116,-0.0120883,-0.0125611,-0.0130189,-0.0134624,-0.0138922,-0.0143086,-0.0147123,-0.0151036,-0.015483,-0.0158508,-0.0162075,-0.0165533,-0.0168886,-0.0172137,-0.0175289,-0.0178344,-0.0181306,-0.0184176,-0.0186958,-0.0189652,-0.0192262,-0.0194788,-0.0197234,-0.01996,-0.0201889,-0.0204102,-0.0206241,-0.0208306,-0.02103,-0.0212224,-0.0214078,-0.0215865,-0.0217585,-0.0219239,-0.0220828,-0.0222354,-0.0223817,-0.0225218,-0.0226558,-0.0227838,-0.0229058,-0.0230219,-0.0231322,-0.0232368,-0.0233356,-0.0234288,-0.0235164,-0.0235985,-0.0236751,-0.0237462,-0.0238119,-0.0238722,-0.0239271,-0.0239768,-0.0240211,-0.0240602,-0.024094,-0.0241226,-0.024146,-0.0241641,-0.0241771,-0.0241849,-0.0241875,-0.0241849,-0.0241771,-0.0241642,-0.024146,-0.0241226,-0.0240941,-0.0240603,-0.0240212,-0.0239769,-0.0239273,-0.0238723,-0.023812,-0.0237463,-0.0236752,-0.0235987,-0.0235166,-0.023429,-0.0233358,-0.023237,-0.0231325,-0.0230222,-0.022906,-0.022784,-0.0226561,-0.0225221,-0.022382,-0.0222357,-0.0220831,-0.0219242,-0.0217588,-0.0215868,-0.0214081,-0.0212227,-0.0210303,-0.0208309,-0.0206244,-0.0204105,-0.0201893,-0.0199604,-0.0197237,-0.0194792,-0.0192265,-0.0189655,-0.0186961,-0.018418,-0.018131,-0.0178348,-0.0175292,-0.017214,-0.0168889,-0.0165536,-0.0162078,-0.0158511,-0.0154833,-0.0151039,-0.0147126,-0.0143089,-0.0138925,-0.0134627,-0.0130192,-0.0125613,-0.0120886,-0.0116002,-0.0110957,-0.0105741,-0.0100348,-0.00947697,-0.00889957,-0.00830165,-0.00768214,-0.00703989,-0.00637365,-0.00568208,-0.00496374,-0.00421712,-0.00344057,-0.0026324,-0.00179082,-0.000913986,-1.21335e-26
0,-0.000959952,-0.00188262,-0.00276976,-0.0036231,-0.00444432,-0.00523501,-0.00599673,-0.00673093,-0.007439,-0.00812223,-0.00878183,-0.00941894,-0.0100346,-0.0106299,-0.0112056,-0.0117627,-0.0123019,-0.0128239,-0.0133296,-0.0138194,-0.0142941,-0.0147541,-0.0152001,-0.0156324,-0.0160517,-0.0164582,-0.0168524,-0.0172347,-0.0176054,-0.0179649,-0.0183136,-0.0186516,-0.0189794,-0.0192971,-0.019605,-0.0199034,-0.0201926,-0.0204726,-0.0207438,-0.0210063,-0.0212603,-0.021506,-0.0217435,-0.0219731,-0.0221949,-0.0224089,-0.0226155,-0.0228146,-0.0230065,-0.0231912,-0.0233688,-0.0235395,-0.0237034,-0.0238605,-0.024011,-0.0241549,-0.0242923,-0.0244234,-0.0245481,-0.0246666,-0.0247789,-0.0248851,-0.0249852,-0.0250793,-0.0251675,-0.0252497,-0.0253261,-0.0253967,-0.0254615,-0.0255205,-0.0255739,-0.0256215,-0.0256635,-0.0256998,-0.0257305,-0.0257556,-0.0257751,-0.0257891,-0.0257974,-0.0258002,-0.0257974,-0.0257891,-0.0257752,-0.0257557,-0.0257306,-0.0256999,-0.0256636,-0.0256216,-0.025574,-0.0255207,-0.0254616,-0.0253969,-0.0253263,-0.0252499,-0.0251677,-0.0250795,-0.0249854,-0.0248853,-0.0247791,-0.0246669,-0.0245484,-0.0244237,-0.0242926,-0.0241552,-0.0240113,-0.0238608,-0.0237037,-0.0235398,-0.0233691,-0.0231915,-0.0230068,-0.0228149,-0.0226158,-0.0224093,-0.0221952,-0.0219735,-0.0217439,-0.0215063,-0.0212606,-0.0210066,-0.0207441,-0.020473,-0.0201929,-0.0199038,-0.0196054,-0.0192974,-0.0189797,-0.018652,-0.0183139,-0.0179653,-0.0176058,-0.017235,-0.0168527,-0.0164585,-0.016052,-0.0156328,-0.0152004,-0.0147545,-0.0142944,-0.0138197,-0.0133299,-0.0128242,-0.0123021,-0.0117629,-0.0112059,-0.0106301,-0.0100349,-0.00941915,-0.00878202,-0.0081224,-0.00743916,-0.00673108,-0.00599686,-0.00523513,-0.00444441,-0.00362318,-0.00276982,-0.00188266,-0.000959973,1.06101e-26
0,-0.00100416,-0.00197092,-0.00290192,-0.00379878,-0.00466307,-0.00549631,-0.00629997,-0.00707544,-0.00782405,-0.00854705,-0.00924563,-0.0099209,-0.0105739,-0.0112056,-0.0118169,-0.0124088,-0.0129819,-0.013537,-0.0140748,-0.0145961,-0.0151013,-0.0155912,-0.0160661,-0.0165267,-0.0169734,-0.0174066,-0.0178268,-0.0182344,-0.0186297,-0.0190131,-0.019385,-0.0197456,-0.0200953,-0.0204343,-0.0207629,-0.0210814,-0.02139,-0.0216889,-0.0219784,-0.0222586,-0.0225298,-0.0227921,-0.0230458,-0.023291,-0.0235278,-0.0237564,-0.023977,-0.0241897,-0.0243946,-0.0245919,-0.0247817,-0.024964,-0.0251391,-0.0253069,-0.0254677,-0.0256215,-0.0257683,-0.0259083,-0.0260416,-0.0261682,-0.0262882,-0.0264016,-0.0265086,-0.0266092,-0.0267034,-0.0267913,-0.0268729,-0.0269483,-0.0270176,-0.0270807,-0.0271376,-0.0271886,-0.0272334,-0.0272722,-0.0273051,-0.0273319,-0.0273527,-0.0273676,-0.0273766,-0.0273796,-0.0273766,-0.0273677,-0.0273528,-0.0273319,-0.0273051,-0.0272723,-0.0272335,-0.0271887,-0.0271378,-0.0270808,-0.0270177,-0.0269485,-0.0268731,-0.0267915,-0.0267036,-0.0266094,-0.0265089,-0.0264019,-0.0262884,-0.0261685,-0.0260419,-0.0259086,-0.0257686,-0.0256218,-0.025468,-0.0253072,-0.0251394,-0.0249643,-0.024782,-0.0245922,-0.024395,-0.0241901,-0.0239774,-0.0237568,-0.0235282,-0.0232914,-0.0230462,-0.0227925,-0.0225302,-0.022259,-0.0219788,-0.0216893,-0.0213904,-0.0210818,-0.0207633,-0.0204347,-0.0200957,-0.019746,-0.0193854,-0.0190135,-0.0186301,-0.0182348,-0.0178272,-0.017407,-0.0169737,-0.0165271,-0.0160665,-0.0155915,-0.0151017,-0.0145964,-0.0140752,-0.0135373,-0.0129821,-0.012409,-0.0118172,-0.0112059,-0.0105741,-0.00992112,-0.00924584,-0.00854724,-0.00782422,-0.0070756,-0.00630011,-0.00549643,-0.00466317,-0.00379886,-0.00290198,-0.00197096,-0.00100418,3.33537e-26
0,-0.00104671,-0.00205592,-0.00302917,-0.00396797,-0.00487381,-0.00574814,-0.00659234,-0.00740776,-0.00819566,-0.00895726,-0.0096937,-0.0104061,-0.0110954,-0.0117627,-0.0124088,-0.0130345,-0.0136408,-0.0142283,-0.0147977,-0.0153497,-0.015885,-0.0164041,-0.0169075,-0.0173958,-0.0178695,-0.0183291,-0.0187749,-0.0192074,-0.0196269,-0.0200339,-0.0204287,-0.0208116,-0.0211829,-0.0215429,-0.021892,-0.0222303,-0.0225581,-0.0228757,-0.0231832,-0.023481,-0.0237692,-0.024048,-0.0243176,-0.0245782,-0.0248299,-0.025073,-0.0253075,-0.0255336,-0.0257514,-0.0259612,-0.0261629,-0.0263568,-0.026543,-0.0267215,-0.0268924,-0.0270559,-0.0272121,-0.027361,-0.0275028,-0.0276374,-0.027765,-0.0278857,-0.0279995,-0.0281064,-0.0282066,-0.0283001,-0.028387,-0.0284672,-0.0285408,-0.0286079,-0.0286685,-0.0287227,-0.0287704,-0.0288117,-0.0288466,-0.0288752,-0.0288973,-0.0289132,-0.0289227,-0.0289259,-0.0289227,-0.0289132,-0.0288974,-0.0288752,-0.0288467,-0.0288118,-0.0287705,-0.0287228,-0.0286687,-0.0286081,-0.028541,-0.0284673,-0.0283871,-0.0283003,-0.0282068,-0.0281067,-0.0279997,-0.0278859,-0.0277653,-0.0276377,-0.027503,-0.0273613,-0.0272124,-0.0270563,-0.0268927,-0.0267218,-0.0265433,-0.0263572,-0.0261633,-0.0259615,-0.0257518,-0.0255339,-0.0253078,-0.0250733,-0.0248303,-0.0245786,-0.024318,-0.0240484,-0.0237696,-0.0234814,-0.0231837,-0.0228761,-0.0225585,-0.0222307,-0.0218924,-0.0215433,-0.0211833,-0.020812,-0.0204291,-0.0200343,-0.0196273,-0.0192078,-0.0187753,-0.0183295,-0.0178699,-0.0173962,-0.0169079,-0.0164044,-0.0158853,-0.0153501,-0.014798,-0.0142286,-0.0136411,-0.0130348,-0.012409,-0.0117629,-0.0110957,-0.0104063,-0.00969392,-0.00895746,-0.00819584,-0.00740793,-0.00659249,-0.00574827,-0.00487392,-0.00396806,-0.00302923,-0.00205597,-0.00104674,1.21258e-26
0,-0.00108771,-0.00213783,-0.0031518,-0.00413106,-0.00507702,-0.00599104,-0.00687446,-0.00772854,-0.00855452,-0.00935357,-0.0101268,-0.0108753,-0.0116,-0.0123019,-0.0129819,-0.0136408,-0.0142794,-0.0148986,-0.0154989,-0.0160811,-0.0166458,-0.0171936,-0.017725,-0.0182406,-0.0187408,-0.0192262,-0.0196972,-0.0201542,-0.0205977,-0.0210279,-0.0214452,-0.0218501,-0.0222427,-0.0226235,-0.0229927,-0.0233506,-0.0236974,-0.0240334,-0.0243589,-0.024674,-0.024979,-0.0252741,-0.0255594,-0.0258353,-0.0261017,-0.026359,-0.0266073,-0.0268467,-0.0270774,-0.0272995,-0.0275131,-0.0277184,-0.0279155,-0.0281046,-0.0282856,-0.0284588,-0.0286242,-0.0287819,-0.028932,-0.0290746,-0.0292098,-0.0293376,-0.0294582,-0.0295715,-0.0296776,-0.0297766,-0.0298686,-0.0299536,-0.0300316,-0.0301027,-0.0301669,-0.0302243,-0.0302748,-0.0303186,-0.0303556,-0.0303858,-0.0304093,-0.0304261,-0.0304362,-0.0304395,-0.0304362,-0.0304261,-0.0304094,-0.0303859,-0.0303556,-0.0303187,-0.0302749,-0.0302244,-0.0301671,-0.0301029,-0.0300318,-0.0299538,-0.0298688,-0.0297769,-0.0296778,-0.0295717,-0.0294584,-0.0293379,-0.0292101,-0.0290749,-0.0289323,-0.0287822,-0.0286245,-0.0284591,-0.028286,-0.0281049,-0.0279159,-0.0277188,-0.0275135,-0.0272998,-0.0270778,-0.0268471,-0.0266077,-0.0263594,-0.0261022,-0.0258357,-0.0255599,-0.0252745,-0.0249794,-0.0246744,-0.0243593,-0.0240339,-0.0236979,-0.023351,-0.0229932,-0.022624,-0.0222432,-0.0218505,-0.0214457,-0.0210283,-0.0205981,-0.0201547,-0.0196976,-0.0192266,-0.0187412,-0.018241,-0.0177254,-0.0171939,-0.0166462,-0.0160815,-0.0154993,-0.0148989,-0.0142798,-0.0136411,-0.0129822,-0.0123021,-0.0116002,-0.0108755,-0.010127,-0.00935378,-0.00855472,-0.00772872,-0.00687462,-0.00599118,-0.00507713,-0.00413115,-0.00315187,-0.00213787,-0.00108774,-9.10203e-27
0,-0.00112725,-0.00221681,-0.00327008,-0.0042884,-0.0052731,-0.0062255,-0.00714685,-0.00803839,-0.00890128,-0.00973666,-0.0105456,-0.0113292,-0.0120883,-0.0128239,-0.013537,-0.0142283,-0.0148986,-0.0155487,-0.0161792,-0.016791,-0.0173845,-0.0179604,-0.0185192,-0.0190616,-0.019588,-0.0200988,-0.0205946,-0.0210757,-0.0215426,-0.0219957,-0.0224353,-0.0228618,-0.0232755,-0.0236767,-0.0240658,-0.024443,-0.0248085,-0.0251627,-0.0255059,-0.0258381,-0.0261597,-0.0264709,-0.0267718,-0.0270627,-0.0273438,-0.0276151,-0.027877,-0.0281295,-0.0283729,-0.0286072,-0.0288326,-0.0290492,-0.0292572,-0.0294567,-0.0296477,-0.0298304,-0.030005,-0.0301714,-0.0303298,-0.0304803,-0.030623,-0.0307579,-0.0308851,-0.0310047,-0.0311167,-0.0312212,-0.0313183,-0.031408,-0.0314904,-0.0315654,-0.0316332,-0.0316937,-0.0317471,-0.0317933,-0.0318323,-0.0318642,-0.031889,-0.0319067,-0.0319174,-0.0319209,-0.0319174,-0.0319068,-0.0318891,-0.0318643,-0.0318324,-0.0317934,-0.0317472,-0.0316939,-0.0316333,-0.0315656,-0.0314905,-0.0314082,-0.0313185,-0.0312215,-0.031117,-0.0310049,-0.0308854,-0.0307582,-0.0306233,-0.0304807,-0.0303302,-0.0301717,-0.0300053,-0.0298308,-0.0296481,-0.029457,-0.0292576,-0.0290496,-0.028833,-0.0286076,-0.0283733,-0.02813,-0.0278774,-0.0276156,-0.0273442,-0.0270632,-0.0267723,-0.0264713,-0.0261602,-0.0258386,-0.0255063,-0.0251632,-0.024809,-0.0244434,-0.0240663,-0.0236772,-0.023276,-0.0228623,-0.0224358,-0.0219961,-0.0215431,-0.0210761,-0.020595,-0.0200992,-0.0195884,-0.019062,-0.0185197,-0.0179608,-0.0173849,-0.0167913,-0.0161796,-0.015549,-0.0148989,-0.0142286,-0.0135373,-0.0128242,-0.0120886,-0.0113294,-0.0105459,-0.00973689,-0.00890149,-0.00803858,-0.00714702,-0.00622565,-0.00527323,-0.0042885,-0.00327015,-0.00221686,-0.00112727,1.36416e-26
0,-0.0011654,-0.00229305,-0.00338425,-0.00444029,-0.00546245,-0.00645195,-0.00741002,-0.00833783,-0.0092365,-0.0101071,-0.0109508,-0.0117684,-0.0125611,-0.0133296,-0.0140748,-0.0147977,-0.0154989,-0.0161792,-0.0168394,-0.01748,-0.0181017,-0.0187052,-0.019291,-0.0198596,-0.0204116,-0.0209474,-0.0214675,-0.0219724,-0.0224624,-0.022938,-0.0233995,-0.0238473,-0.0242817,-0.0247031,-0.0251117,-0.025508,-0.025892,-0.0262642,-0.0266247,-0.0269739,-0.0273118,-0.0276389,-0.0279552,-0.028261,-0.0285565,-0.0288418,-0.0291171,-0.0293826,-0.0296385,-0.0298849,-0.0301219,-0.0303497,-0.0305684,-0.0307782,-0.0309791,-0.0311713,-0.0313549,-0.03153,-0.0316966,-0.0318549,-0.032005,-0.0321469,-0.0322807,-0.0324065,-0.0325244,-0.0326343,-0.0327364,-0.0328308,-0.0329174,-0.0329964,-0.0330677,-0.0331314,-0.0331875,-0.0332361,-0.0332772,-0.0333108,-0.0333369,-0.0333555,-0.0333667,-0.0333704,-0.0333667,-0.0333556,-0.0333369,-0.0333109,-0.0332773,-0.0332362,-0.0331877,-0.0331315,-0.0330678,-0.0329966,-0.0329176,-0.032831,-0.0327367,-0.0326345,-0.0325246,-0.0324068,-0.032281,-0.0321472,-0.0320053,-0.0318552,-0.0316969,-0.0315303,-0.0313553,-0.0311717,-0.0309795,-0.0307786,-0.0305688,-0.0303501,-0.0301223,-0.0298853,-0.0296389,-0.0293831,-0.0291176,-0.0288422,-0.0285569,-0.0282615,-0.0279557,-0.0276394,-0.0273123,-0.0269744,-0.0266252,-0.0262647,-0.0258925,-0.0255085,-0.0251122,-0.0247036,-0.0242822,-0.0238478,-0.0234,-0.0229384,-0.0224629,-0.0219728,-0.021468,-0.0209479,-0.020412,-0.0198601,-0.0192914,-0.0187057,-0.0181022,-0.0174804,-0.0168398,-0.0161796,-0.0154993,-0.014798,-0.0140752,-0.0133299,-0.0125614,-0.0117687,-0.010951,-0.0101074,-0.00923672,-0.00833802,-0.0074102,-0.00645211,-0.00546258,-0.0044404,-0.00338433,-0.0022931,-0.00116543,3.63851e-26
0,-0.00120224,-0.00236667,-0.00349452,-0.00458703,-0.00564539,-0.0066708,-0.00766441,-0.00862735,-0.00956072,-0.0104656,-0.0113429,-0.0121937,-0.0130189,-0.0138194,-0.0145961,-0.0153497,-0.0160811,-0.016791,-0.01748,-0.0181489,-0.0187983,-0.0194288,-0.0200409,-0.0206353,-0.0212124,-0.0217727,-0.0223167,-0.0228449,-0.0233576,-0.0238553,-0.0243383,-0.0248071,-0.0252619,-0.0257032,-0.0261311,-0.0265461,-0.0269484,-0.0273383,-0.027716,-0.0280818,-0.028436,-0.0287787,-0.0291102,-0.0294307,-0.0297403,-0.0300394,-0.030328,-0.0306064,-0.0308746,-0.0311329,-0.0313814,-0.0316203,-0.0318496,-0.0320696,-0.0322803,-0.0324818,-0.0326744,-0.032858,-0.0330327,-0.0331988,-0.0333562,-0.033505,-0.0336454,-0.0337773,-0.0339009,-0.0340163,-0.0341234,-0.0342224,-0.0343132,-0.0343961,-0.0344709,-0.0345377,-0.0345966,-0.0346476,-0.0346906,-0.0347259,-0.0347533,-0.0347728,-0.0347845,-0.0347885,-0.0347846,-0.0347728,-0.0347533,-0.0347259,-0.0346907,-0.0346477,-0.0345967,-0.0345378,-0.034471,-0.0343962,-0.0343134,-0.0342226,-0.0341236,-0.0340165,-0.0339012,-0.0337776,-0.0336456,-0.0335053,-0.0333565,-0.0331991,-0.0330331,-0.0328583,-0.0326748,-0.0324822,-0.0322807,-0.03207,-0.0318501,-0.0316207,-0.0313819,-0.0311334,-0.0308751,-0.0306068,-0.0303285,-0.0300399,-0.0297408,-0.0294312,-0.0291107,-0.0287792,-0.0284365,-0.0280823,-0.0277165,-0.0273388,-0.0269489,-0.0265466,-0.0261317,-0.0257037,-0.0252625,-0.0248076,-0.0243389,-0.0238558,-0.0233581,-0.0228454,-0.0223172,-0.0217732,-0.0212129,-0.0206357,-0.0200414,-0.0194292,-0.0187987,-0.0181493,-0.0174804,-0.0167913,-0.0160815,-0.0153501,-0.0145964,-0.0138198,-0.0130192,-0.012194,-0.0113432,-0.0104658,-0.00956095,-0.00862756,-0.00766459,-0.00667096,-0.00564552,-0.00458713,-0.00349461,-0.00236673,-0.00120227,1.51573e-26
0,-0.00123784,-0.00243781,-0.00360109,-0.00472884,-0.00582223,-0.00688238,-0.00791042,-0.00890741,-0.00987442,-0.0108125,-0.0117225,-0.0126055,-0.0134624,-0.0142941,-0.0151013,-0.015885,-0.0166458,-0.0173845,-0.0181017,-0.0187983,-0.0194747,-0.0201316,-0.0207696,-0.0213892,-0.0219909,-0.0225753,-0.0231428,-0.0236938,-0.0242288,-0.0247483,-0.0252525,-0.0257419,-0.0262168,-0.0266776,-0.0271245,-0.027558,-0.0279782,-0.0283855,-0.0287802,-0.0291624,-0.0295325,-0.0298907,-0.0302371,-0.0305721,-0.0308958,-0.0312085,-0.0315102,-0.0318012,-0.0320817,-0.0323518,-0.0326116,-0.0328614,-0.0331013,-0.0333313,-0.0335516,-0.0337624,-0.0339638,-0.0341558,-0.0343386,-0.0345123,-0.0346769,-0.0348326,-0.0349795,-0.0351175,-0.0352468,-0.0353675,-0.0354795,-0.0355831,-0.0356781,-0.0357648,-0.0358431,-0.035913,-0.0359746,-0.0360279,-0.036073,-0.0361098,-0.0361385,-0.036159,-0.0361712,-0.0361753,-0.0361712,-0.036159,-0.0361386,-0.0361099,-0.0360731,-0.036028,-0.0359747,-0.0359131,-0.0358432,-0.035765,-0.0356784,-0.0355833,-0.0354798,-0.0353677,-0.0352471,-0.0351178,-0.0349798,-0.034833,-0.0346773,-0.0345127,-0.034339,-0.0341562,-0.0339642,-0.0337629,-0.0335521,-0.0333317,-0.0331017,-0.0328619,-0.0326121,-0.0323523,-0.0320822,-0.0318017,-0.0315107,-0.031209,-0.0308964,-0.0305727,-0.0302377,-0.0298912,-0.029533,-0.029163,-0.0287807,-0.0283861,-0.0279788,-0.0275585,-0.0271251,-0.0266781,-0.0262173,-0.0257424,-0.025253,-0.0247488,-0.0242294,-0.0236943,-0.0231433,-0.0225758,-0.0219914,-0.0213897,-0.0207701,-0.0201321,-0.0194752,-0.0187987,-0.0181022,-0.0173849,-0.0166462,-0.0158854,-0.0151017,-0.0142944,-0.0134628,-0.0126058,-0.0117228,-0.0108127,-0.00987466,-0.00890763,-0.00791061,-0.00688255,-0.00582237,-0.00472896,-0.00360118,-0.00243787,-0.00123787,-6.07057e-27
