0,0,0,0,0,0,0,0,0,0,0,0,0,0,0,0,0,0,0,0,0,0,0,0,0,0,0,0,0,0,0,0,0,0,0,0,0,0,0,0,0,0,0,0,0,0,0,0,0,0,0,0,0,0,0,0,0,0,0,0,0,0,0,0,0,0,0,0,0,0,0,0,0,0,0,0,0,0,0,0,0,0,0,0,0,0,0,0,0,0,0,0,0,0,0,0,0,0,0,0,0,0,0,0,0,0,0,0,0,0,0,0,0,0,0,0,0,0,0,0,0,0,0,0,0,0,0,0,0,0,0,0,0,0,0,0,0,0,0,0,0,0,0,0,0,0,0,0,0,0,0,0,0,0,0,0,0,0,0,0,0
0,-0.000118791,-0.00021805,-0.000305499,-0.000384769,-0.000457849,-0.000525963,-0.000589936,-0.000650359,-0.000707675,-0.000762228,-0.000814296,-0.000864105,-0.000911843,-0.000957668,-0.00100172,-0.00104411,-0.00108495,-0.00112433,-0.00116233,-0.00119902,-0.00123447,-0.00126874,-0.00130187,-0.00133393,-0.00136494,-0.00139497,-0.00142404,-0.00145218,-0.00147944,-0.00150584,-0.00153141,-0.00155617,-0.00158015,-0.00160338,-0.00162588,-0.00164766,-0.00166874,-0.00168915,-0.00170889,-0.00172799,-0.00174647,-0.00176433,-0.00178159,-0.00179826,-0.00181435,-0.00182988,-0.00184486,-0.00185929,-0.00187319,-0.00188657,-0.00189943,-0.00191178,-0.00192364,-0.00193501,-0.00194589,-0.00195629,-0.00196623,-0.0019757,-0.00198471,-0.00199327,-0.00200138,-0.00200904,-0.00201627,-0.00202306,-0.00202943,-0.00203536,-0.00204087,-0.00204596,-0.00205064,-0.0020549,-0.00205874,-0.00206218,-0.0020652,-0.00206782,-0.00207004,-0.00207185,-0.00207325,-0.00207426,-0.00207486,-0.00207506,-0.00207486,-0.00207426,-0.00207325,-0.00207185,-0.00207004,-0.00206782,-0.0020652,-0.00206218,-0.00205874,-0.0020549,-0.00205064,-0.00204596,-0.00204087,-0.00203536,-0.00202943,-0.00202306,-0.00201627,-0.00200904,-0.00200138,-0.00199327,-0.00198471,-0.0019757,-0.00196623,-0.00195629,-0.00194589,-0.00193501,-0.00192364,-0.00191178,-0.00189943,-0.00188657,-0.00187319,-0.00185929,-0.00184486,-0.00182988,-0.00181435,-0.00179826,-0.00178159,-0.00176433,-0.00174647,-0.00172799,-0.00170889,-0.00168915,-0.00166874,-0.00164766,-0.00162588,-0.00160338,-0.00158015,-0.00155617,-0.00153141,-0.00150584,-0.00147944,-0.00145218,-0.00142404,-0.00139497,-0.00136494,-0.00133393,-0.00130187,-0.00126874,-0.00123447,-0.00119902,-0.00116233,-0.00112433,-0.00108495,-0.00104411,-0.00100172,-0.000957668,-0.000911843,-0.000864105,-0.000814296,-0.000762228,-0.000707675,-0.000650359,-0.000589936,-0.000525963,-0.000457849,-0.000384769,-0.000305499,-0.00021805,-0.000118791,0
0,-0.00021805,-0.000408848,-0.000580115,-0.000736668,-0.000881602,-0.00101701,-0.00114436,-0.00126476,-0.00137905,-0.00148788,-0.00159179,-0.00169122,-0.00178654,-0.00187805,-0.00196604,-0.00205072,-0.00213231,-0.00221099,-0.00228691,-0.00236023,-0.00243107,-0.00249955,-0.00256577,-0.00262983,-0.00269183,-0.00275184,-0.00280994,-0.0028662,-0.00292068,-0.00297345,-0.00302456,-0.00307406,-0.00312201,-0.00316844,-0.00321341,-0.00325695,-0.0032991,-0.0033399,-0.00337937,-0.00341756,-0.0034545,-0.0034902,-0.00352471,-0.00355803,-0.00359021,-0.00362126,-0.0036512,-0.00368006,-0.00370785,-0.0037346,-0.00376031,-0.00378501,-0.00380872,-0.00383144,-0.0038532,-0.003874,-0.00389387,-0.0039128,-0.00393082,-0.00394793,-0.00396415,-0.00397948,-0.00399393,-0.00400751,-0.00402023,-0.0040321,-0.00404312,-0.0040533,-0.00406264,-0.00407115,-0.00407884,-0.00408571,-0.00409176,-0.004097,-0.00410142,-0.00410504,-0.00410786,-0.00410986,-0.00411107,-0.00411147,-0.00411107,-0.00410986,-0.00410786,-0.00410504,-0.00410142,-0.004097,-0.00409176,-0.00408571,-0.00407884,-0.00407115,-0.00406264,-0.0040533,-0.00404312,-0.0040321,-0.00402023,-0.00400751,-0.00399393,-0.00397948,-0.00396415,-0.00394793,-0.00393082,-0.0039128,-0.00389387,-0.003874,-0.0038532,-0.00383144,-0.00380872,-0.00378501,-0.00376031,-0.0037346,-0.00370785,-0.00368006,-0.0036512,-0.00362126,-0.00359021,-0.00355803,-0.00352471,-0.0034902,-0.0034545,-0.00341756,-0.00337937,-0.0033399,-0.0032991,-0.00325695,-0.00321341,-0.00316844,-0.00312201,-0.00307406,-0.00302456,-0.00297345,-0.00292068,-0.0028662,-0.00280994,-0.00275184,-0.00269183,-0.00262983,-0.00256577,-0.00249955,-0.00243107,-0.00236023,-0.00228691,-0.00221099,-0.00213231,-0.00205072,-0.00196604,-0.00187805,-0.00178654,-0.00169122,-0.00159179,-0.00148788,-0.00137905,-0.00126476,-0.00114436,-0.00101701,-0.000881602,-0.000736668,-0.000580115,-0.000408848,-0.00021805,0
0,-0.000305499,-0.000580115,-0.000830385,-0.00106112,-0.00127582,-0.00147704,-0.00166668,-0.00184623,-0.00201682,-0.0021794,-0.00233471,-0.00248339,-0.00262598,-0.00276291,-0.0028946,-0.00302137,-0.00314353,-0.00326134,-0.00337505,-0.00348486,-0.00359097,-0.00369356,-0.00379277,-0.00388875,-0.00398165,-0.00407157,-0.00415863,-0.00424294,-0.00432459,-0.00440367,-0.00448027,-0.00455447,-0.00462633,-0.00469593,-0.00476333,-0.00482859,-0.00489177,-0.00495292,-0.0050121,-0.00506935,-0.00512471,-0.00517823,-0.00522996,-0.00527992,-0.00532816,-0.0053747,-0.00541959,-0.00546285,-0.00550452,-0.00554461,-0.00558316,-0.0056202,-0.00565574,-0.00568981,-0.00572243,-0.00575362,-0.0057834,-0.00581178,-0.0058388,-0.00586445,-0.00588876,-0.00591175,-0.00593341,-0.00595378,-0.00597285,-0.00599064,-0.00600716,-0.00602242,-0.00603643,-0.0060492,-0.00606072,-0.00607102,-0.00608009,-0.00608795,-0.00609458,-0.00610001,-0.00610423,-0.00610724,-0.00610904,-0.00610964,-0.00610904,-0.00610724,-0.00610423,-0.00610001,-0.00609458,-0.00608795,-0.00608009,-0.00607102,-0.00606072,-0.0060492,-0.00603643,-0.00602242,-0.00600716,-0.00599064,-0.00597285,-0.00595378,-0.00593341,-0.00591175,-0.00588876,-0.00586445,-0.0058388,-0.00581178,-0.0057834,-0.00575362,-0.00572243,-0.00568981,-0.00565574,-0.0056202,-0.00558316,-0.00554461,-0.00550452,-0.00546285,-0.00541959,-0.0053747,-0.00532816,-0.00527992,-0.00522996,-0.00517823,-0.00512471,-0.00506935,-0.0050121,-0.00495292,-0.00489177,-0.00482859,-0.00476333,-0.00469593,-0.00462633,-0.00455447,-0.00448027,-0.00440367,-0.00432459,-0.00424294,-0.00415863,-0.00407157,-0.00398165,-0.00388875,-0.00379277,-0.00369356,-0.00359097,-0.00348486,-0.00337505,-0.00326134,-0.00314353,-0.00302137,-0.0028946,-0.00276291,-0.00262598,-0.00248339,-0.00233471,-0.0021794,-0.00201682,-0.00184623,-0.00166668,-0.00147704,-0.00127582,-0.00106112,-0.000830385,-0.000580115,-0.000305499,0
0,-0.000384769,-0.000736668,-0.00106112,-0.00136256,-0.00164447,-0.00190958,-0.00216005,-0.00239758,-0.00262356,-0.00283912,-0.00304521,-0.00324261,-0.00343201,-0.00361397,-0.00378902,-0.00395757,-0.00412004,-0.00427675,-0.00442803,-0.00457415,-0.00471536,-0.00485189,-0.00498395,-0.00511172,-0.00523539,-0.00535511,-0.00547103,-0.00558329,-0.00569202,-0.00579734,-0.00589935,-0.00599816,-0.00609387,-0.00618657,-0.00627634,-0.00636327,-0.00644743,-0.00652889,-0.00660771,-0.00668397,-0.00675773,-0.00682903,-0.00689794,-0.0069645,-0.00702876,-0.00709077,-0.00715057,-0.00720821,-0.00726372,-0.00731714,-0.0073685,-0.00741784,-0.0074652,-0.00751059,-0.00755405,-0.00759561,-0.00763529,-0.00767311,-0.0077091,-0.00774329,-0.00777568,-0.0078063,-0.00783517,-0.0078623,-0.00788772,-0.00791143,-0.00793344,-0.00795377,-0.00797244,-0.00798945,-0.00800481,-0.00801853,-0.00803062,-0.00804109,-0.00804993,-0.00805716,-0.00806278,-0.00806679,-0.00806919,-0.00807,-0.00806919,-0.00806679,-0.00806278,-0.00805716,-0.00804993,-0.00804109,-0.00803062,-0.00801853,-0.00800481,-0.00798945,-0.00797244,-0.00795377,-0.00793344,-0.00791143,-0.00788772,-0.0078623,-0.00783517,-0.0078063,-0.00777568,-0.00774329,-0.0077091,-0.00767311,-0.00763529,-0.00759561,-0.00755405,-0.00751059,-0.0074652,-0.00741784,-0.0073685,-0.00731714,-0.00726372,-0.00720821,-0.00715057,-0.00709077,-0.00702876,-0.0069645,-0.00689794,-0.00682903,-0.00675773,-0.00668397,-0.00660771,-0.00652889,-0.00644743,-0.00636327,-0.00627634,-0.00618657,-0.00609387,-0.00599816,-0.00589935,-0.00579734,-0.00569202,-0.00558329,-0.00547103,-0.00535511,-0.00523539,-0.00511172,-0.00498395,-0.00485189,-0.00471536,-0.00457415,-0.00442803,-0.00427675,-0.00412004,-0.00395757,-0.00378902,-0.00361397,-0.00343201,-0.00324261,-0.00304521,-0.00283912,-0.00262356,-0.00239758,-0.00216005,-0.00190958,-0.00164447,-0.00136256,-0.00106112,-0.000736668,-0.000384769,0
0,-0.000457849,-0.000881602,-0.00127582,-0.00164447,-0.00199086,-0.00231772,-0.00262729,-0.00292143,-0.00320166,-0.00346927,-0.00372534,-0.00397079,-0.00420642,-0.00443291,-0.00465087,-0.00486083,-0.00506325,-0.00525856,-0.00544713,-0.0056293,-0.00580539,-0.00597566,-0.00614037,-0.00629976,-0.00645404,-0.00660341,-0.00674806,-0.00688814,-0.00702383,-0.00715527,-0.00728259,-0.00740592,-0.00752539,-0.0076411,-0.00775317,-0.00786169,-0.00796675,-0.00806845,-0.00816687,-0.00826208,-0.00835417,-0.0084432,-0.00852923,-0.00861234,-0.00869259,-0.00877002,-0.0088447,-0.00891667,-0.00898599,-0.0090527,-0.00911684,-0.00917846,-0.00923759,-0.00929428,-0.00934856,-0.00940046,-0.00945001,-0.00949725,-0.0095422,-0.00958489,-0.00962535,-0.0096636,-0.00969965,-0.00973354,-0.00976528,-0.00979489,-0.00982238,-0.00984778,-0.00987109,-0.00989234,-0.00991152,-0.00992866,-0.00994376,-0.00995683,-0.00996787,-0.0099769,-0.00998392,-0.00998893,-0.00999194,-0.00999294,-0.00999194,-0.00998893,-0.00998392,-0.0099769,-0.00996787,-0.00995683,-0.00994376,-0.00992866,-0.00991152,-0.00989234,-0.00987109,-0.00984778,-0.00982238,-0.00979489,-0.00976528,-0.00973354,-0.00969965,-0.0096636,-0.00962535,-0.00958489,-0.0095422,-0.00949725,-0.00945001,-0.00940046,-0.00934856,-0.00929428,-0.00923759,-0.00917846,-0.00911684,-0.0090527,-0.00898599,-0.00891667,-0.0088447,-0.00877002,-0.00869259,-0.00861234,-0.00852923,-0.0084432,-0.00835417,-0.00826208,-0.00816687,-0.00806845,-0.00796675,-0.00786169,-0.00775317,-0.0076411,-0.00752539,-0.00740592,-0.00728259,-0.00715527,-0.00702383,-0.00688814,-0.00674806,-0.00660341,-0.00645404,-0.00629976,-0.00614037,-0.00597566,-0.00580539,-0.0056293,-0.00544713,-0.00525856,-0.00506325,-0.00486083,-0.00465087,-0.00443291,-0.00420642,-0.00397079,-0.00372534,-0.00346927,-0.00320166,-0.00292143,-0.00262729,-0.00231772,-0.00199086,-0.00164447,-0.00127582,-0.000881602,-0.000457849,0
0,-0.000525963,-0.00101701,-0.00147704,-0.00190958,-0.00231772,-0.00270408,-0.00307092,-0.00342013,-0.00375333,-0.00407191,-0.00437704,-0.00466974,-0.00495092,-0.00522133,-0.00548168,-0.00573257,-0.00597453,-0.00620806,-0.00643358,-0.00665151,-0.00686218,-0.00706594,-0.00726308,-0.00745387,-0.00763857,-0.00781741,-0.00799061,-0.00815836,-0.00832086,-0.00847829,-0.00863079,-0.00877852,-0.00892164,-0.00906026,-0.00919452,-0.00932454,-0.00945042,-0.00957228,-0.00969021,-0.0098043,-0.00991465,-0.0100213,-0.0101244,-0.010224,-0.0103202,-0.010413,-0.0105025,-0.0105888,-0.0106719,-0.0107518,-0.0108287,-0.0109025,-0.0109734,-0.0110414,-0.0111064,-0.0111686,-0.011228,-0.0112847,-0.0113386,-0.0113897,-0.0114382,-0.0114841,-0.0115273,-0.0115679,-0.011606,-0.0116415,-0.0116744,-0.0117049,-0.0117328,-0.0117583,-0.0117813,-0.0118018,-0.0118199,-0.0118356,-0.0118488,-0.0118597,-0.0118681,-0.0118741,-0.0118777,-0.0118789,-0.0118777,-0.0118741,-0.0118681,-0.0118597,-0.0118488,-0.0118356,-0.0118199,-0.0118018,-0.0117813,-0.0117583,-0.0117328,-0.0117049,-0.0116744,-0.0116415,-0.011606,-0.0115679,-0.0115273,-0.0114841,-0.0114382,-0.0113897,-0.0113386,-0.0112847,-0.011228,-0.0111686,-0.0111064,-0.0110414,-0.0109734,-0.0109025,-0.0108287,-0.0107518,-0.0106719,-0.0105888,-0.0105025,-0.010413,-0.0103202,-0.010224,-0.0101244,-0.0100213,-0.00991465,-0.0098043,-0.00969021,-0.00957228,-0.00945042,-0.00932454,-0.00919452,-0.00906026,-0.00892164,-0.00877852,-0.00863079,-0.00847829,-0.00832086,-0.00815836,-0.00799061,-0.00781741,-0.00763857,-0.00745387,-0.00726308,-0.00706594,-0.00686218,-0.00665151,-0.00643358,-0.00620806,-0.00597453,-0.00573257,-0.00548168,-0.00522133,-0.00495092,-0.00466974,-0.00437704,-0.00407191,-0.00375333,-0.00342013,-0.00307092,-0.00270408,-0.00231772,-0.00190958,-0.00147704,-0.00101701,-0.000525963,0
0,-0.000589936,-0.00114436,-0.00166668,-0.00216005,-0.00262729,-0.00307092,-0.00349311,-0.00389578,-0.00428058,-0.00464894,-0.00500211,-0.00534118,-0.00566713,-0.00598079,-0.00628292,-0.00657419,-0.00685521,-0.00712652,-0.00738861,-0.00764192,-0.00788687,-0.00812381,-0.0083531,-0.00857504,-0.00878993,-0.00899802,-0.00919957,-0.00939481,-0.00958395,-0.0097672,-0.00994473,-0.0101167,-0.0102834,-0.0104448,-0.0106011,-0.0107525,-0.0108991,-0.011041,-0.0111784,-0.0113112,-0.0114398,-0.011564,-0.0116841,-0.0118002,-0.0119122,-0.0120203,-0.0121246,-0.0122251,-0.0123218,-0.012415,-0.0125046,-0.0125906,-0.0126732,-0.0127524,-0.0128282,-0.0129007,-0.0129699,-0.0130358,-0.0130986,-0.0131582,-0.0132148,-0.0132682,-0.0133185,-0.0133659,-0.0134102,-0.0134516,-0.01349,-0.0135255,-0.013558,-0.0135877,-0.0136145,-0.0136384,-0.0136595,-0.0136778,-0.0136932,-0.0137058,-0.0137156,-0.0137226,-0.0137268,-0.0137282,-0.0137268,-0.0137226,-0.0137156,-0.0137058,-0.0136932,-0.0136778,-0.0136595,-0.0136384,-0.0136145,-0.0135877,-0.013558,-0.0135255,-0.01349,-0.0134516,-0.0134102,-0.0133659,-0.0133185,-0.0132682,-0.0132148,-0.0131582,-0.0130986,-0.0130358,-0.0129699,-0.0129007,-0.0128282,-0.0127524,-0.0126732,-0.0125906,-0.0125046,-0.012415,-0.0123218,-0.0122251,-0.0121246,-0.0120203,-0.0119122,-0.0118002,-0.0116841,-0.011564,-0.0114398,-0.0113112,-0.0111784,-0.011041,-0.0108991,-0.0107525,-0.0106011,-0.0104448,-0.0102834,-0.0101167,-0.00994473,-0.0097672,-0.00958395,-0.00939481,-0.00919957,-0.00899802,-0.00878993,-0.00857504,-0.0083531,-0.00812381,-0.00788687,-0.00764192,-0.00738861,-0.00712652,-0.00685521,-0.00657419,-0.00628292,-0.00598079,-0.00566713,-0.00534118,-0.00500211,-0.00464894,-0.00428058,-0.00389578,-0.00349311,-0.00307092,-0.00262729,-0.00216005,-0.00166668,-0.00114436,-0.000589936,0
0,-0.000650359,-0.00126476,-0.00184623,-0.00239758,-0.00292143,-0.00342013,-0.00389578,-0.00435027,-0.00478522,-0.00520212,-0.00560223,-0.00598672,-0.00635658,-0.00671273,-0.00705597,-0.00738703,-0.00770657,-0.00801517,-0.00831338,-0.00860168,-0.00888052,-0.00915032,-0.00941144,-0.00966425,-0.00990905,-0.0101462,-0.0103758,-0.0105983,-0.0108139,-0.0110228,-0.0112252,-0.0114213,-0.0116113,-0.0117953,-0.0119736,-0.0121463,-0.0123135,-0.0124753,-0.012632,-0.0127836,-0.0129302,-0.0130719,-0.0132089,-0.0133413,-0.0134691,-0.0135924,-0.0137114,-0.013826,-0.0139365,-0.0140428,-0.014145,-0.0142432,-0.0143374,-0.0144277,-0.0145142,-0.0145969,-0.0146759,-0.0147512,-0.0148229,-0.0148909,-0.0149554,-0.0150164,-0.0150738,-0.0151279,-0.0151785,-0.0152257,-0.0152695,-0.01531,-0.0153471,-0.015381,-0.0154116,-0.0154389,-0.015463,-0.0154838,-0.0155014,-0.0155158,-0.015527,-0.015535,-0.0155398,-0.0155414,-0.0155398,-0.015535,-0.015527,-0.0155158,-0.0155014,-0.0154838,-0.015463,-0.0154389,-0.0154116,-0.015381,-0.0153471,-0.01531,-0.0152695,-0.0152257,-0.0151785,-0.0151279,-0.0150738,-0.0150164,-0.0149554,-0.0148909,-0.0148229,-0.0147512,-0.0146759,-0.0145969,-0.0145142,-0.0144277,-0.0143374,-0.0142432,-0.014145,-0.0140428,-0.0139365,-0.013826,-0.0137114,-0.0135924,-0.0134691,-0.0133413,-0.0132089,-0.0130719,-0.0129302,-0.0127836,-0.012632,-0.0124753,-0.0123135,-0.0121463,-0.0119736,-0.0117953,-0.0116113,-0.0114213,-0.0112252,-0.0110228,-0.0108139,-0.0105983,-0.0103758,-0.0101462,-0.00990905,-0.00966425,-0.00941144,-0.00915032,-0.00888052,-0.00860168,-0.00831338,-0.00801517,-0.00770657,-0.00738703,-0.00705597,-0.00671273,-0.00635658,-0.00598672,-0.00560223,-0.00520212,-0.00478522,-0.00435027,-0.00389578,-0.00342013,-0.00292143,-0.00239758,-0.00184623,-0.00126476,-0.000650359,0
0,-0.000707675,-0.00137905,-0.00201682,-0.00262356,-0.00320166,-0.00375333,-0.00428058,-0.00478522,-0.00526888,-0.00573302,-0.00617895,-0.00660783,-0.00702071,-0.00741854,-0.00780217,-0.00817236,-0.00852983,-0.00887519,-0.00920902,-0.00953187,-0.0098442,-0.0101465,-0.0104391,-0.0107224,-0.0109969,-0.0112627,-0.0115202,-0.0117698,-0.0120116,-0.0122459,-0.012473,-0.012693,-0.0129061,-0.0131127,-0.0133127,-0.0135065,-0.0136942,-0.0138758,-0.0140517,-0.0142218,-0.0143864,-0.0145456,-0.0146994,-0.014848,-0.0149915,-0.01513,-0.0152635,-0.0153923,-0.0155163,-0.0156356,-0.0157504,-0.0158607,-0.0159665,-0.016068,-0.0161651,-0.016258,-0.0163467,-0.0164313,-0.0165117,-0.0165881,-0.0166606,-0.0167291,-0.0167936,-0.0168543,-0.0169111,-0.0169641,-0.0170134,-0.0170589,-0.0171006,-0.0171386,-0.017173,-0.0172037,-0.0172307,-0.0172541,-0.0172739,-0.0172901,-0.0173027,-0.0173116,-0.017317,-0.0173188,-0.017317,-0.0173116,-0.0173027,-0.0172901,-0.0172739,-0.0172541,-0.0172307,-0.0172037,-0.017173,-0.0171386,-0.0171006,-0.0170589,-0.0170134,-0.0169641,-0.0169111,-0.0168543,-0.0167936,-0.0167291,-0.0166606,-0.0165881,-0.0165117,-0.0164313,-0.0163467,-0.016258,-0.0161651,-0.016068,-0.0159665,-0.0158607,-0.0157504,-0.0156356,-0.0155163,-0.0153923,-0.0152635,-0.01513,-0.0149915,-0.014848,-0.0146994,-0.0145456,-0.0143864,-0.0142218,-0.0140517,-0.0138758,-0.0136942,-0.0135065,-0.0133127,-0.0131127,-0.0129061,-0.012693,-0.012473,-0.0122459,-0.0120116,-0.0117698,-0.0115202,-0.0112627,-0.0109969,-0.0107224,-0.0104391,-0.0101465,-0.0098442,-0.00953187,-0.00920902,-0.00887519,-0.00852983,-0.00817236,-0.00780217,-0.00741854,-0.00702071,-0.00660783,-0.00617895,-0.00573302,-0.00526888,-0.00478522,-0.00428058,-0.00375333,-0.00320166,-0.00262356,-0.00201682,-0.00137905,-0.000707675,0
0,-0.000762228,-0.00148788,-0.0021794,-0.00283912,-0.00346927,-0.00407191,-0.00464894,-0.00520212,-0.00573302,-0.00624311,-0.00673367,-0.0072059,-0.00766086,-0.00809952,-0.00852277,-0.0089314,-0.00932616,-0.0097077,-0.0100766,-0.0104335,-0.0107789,-0.0111133,-0.011437,-0.0117505,-0.0120543,-0.0123485,-0.0126337,-0.01291,-0.0131777,-0.0134372,-0.0136887,-0.0139325,-0.0141686,-0.0143975,-0.0146192,-0.0148339,-0.0150418,-0.0152432,-0.0154381,-0.0156267,-0.0158091,-0.0159855,-0.0161561,-0.0163208,-0.0164799,-0.0166334,-0.0167815,-0.0169243,-0.0170618,-0.0171941,-0.0173214,-0.0174437,-0.017561,-0.0176735,-0.0177812,-0.0178843,-0.0179826,-0.0180764,-0.0181657,-0.0182504,-0.0183308,-0.0184067,-0.0184783,-0.0185456,-0.0186086,-0.0186674,-0.0187221,-0.0187725,-0.0188188,-0.018861,-0.0188991,-0.0189332,-0.0189632,-0.0189891,-0.0190111,-0.019029,-0.0190429,-0.0190529,-0.0190589,-0.0190608,-0.0190589,-0.0190529,-0.0190429,-0.019029,-0.0190111,-0.0189891,-0.0189632,-0.0189332,-0.0188991,-0.018861,-0.0188188,-0.0187725,-0.0187221,-0.0186674,-0.0186086,-0.0185456,-0.0184783,-0.0184067,-0.0183308,-0.0182504,-0.0181657,-0.0180764,-0.0179826,-0.0178843,-0.0177812,-0.0176735,-0.017561,-0.0174437,-0.0173214,-0.0171941,-0.0170618,-0.0169243,-0.0167815,-0.0166334,-0.0164799,-0.0163208,-0.0161561,-0.0159855,-0.0158091,-0.0156267,-0.0154381,-0.0152432,-0.0150418,-0.0148339,-0.0146192,-0.0143975,-0.0141686,-0.0139325,-0.0136887,-0.0134372,-0.0131777,-0.01291,-0.0126337,-0.0123485,-0.0120543,-0.0117505,-0.011437,-0.0111133,-0.0107789,-0.0104335,-0.0100766,-0.0097077,-0.00932616,-0.0089314,-0.00852277,-0.00809952,-0.00766086,-0.0072059,-0.00673367,-0.00624311,-0.00573302,-0.00520212,-0.00464894,-0.00407191,-0.00346927,-0.00283912,-0.0021794,-0.00148788,-0.000762228,0
0,-0.000814296,-0.00159179,-0.00233471,-0.00304521,-0.00372534,-0.00437704,-0.00500211,-0.00560223,-0.00617895,-0.00673367,-0.00726769,-0.0077822,-0.00827827,-0.00875688,-0.00921895,-0.0096653,-0.0100967,-0.0105138,-0.0109173,-0.0113077,-0.0116857,-0.0120516,-0.0124061,-0.0127494,-0.0130821,-0.0134045,-0.0137169,-0.0140197,-0.0143132,-0.0145976,-0.0148733,-0.0151405,-0.0153995,-0.0156504,-0.0158935,-0.0161291,-0.0163572,-0.016578,-0.0167918,-0.0169987,-0.0171989,-0.0173924,-0.0175795,-0.0177603,-0.0179349,-0.0181034,-0.0182659,-0.0184226,-0.0185735,-0.0187187,-0.0188584,-0.0189926,-0.0191214,-0.0192449,-0.0193632,-0.0194762,-0.0195842,-0.0196872,-0.0197851,-0.0198782,-0.0199664,-0.0200498,-0.0201284,-0.0202022,-0.0202714,-0.020336,-0.020396,-0.0204513,-0.0205022,-0.0205485,-0.0205904,-0.0206277,-0.0206607,-0.0206892,-0.0207133,-0.020733,-0.0207483,-0.0207592,-0.0207657,-0.0207679,-0.0207657,-0.0207592,-0.0207483,-0.020733,-0.0207133,-0.0206892,-0.0206607,-0.0206277,-0.0205904,-0.0205485,-0.0205022,-0.0204513,-0.020396,-0.020336,-0.0202714,-0.0202022,-0.0201284,-0.0200498,-0.0199664,-0.0198782,-0.0197851,-0.0196872,-0.0195842,-0.0194762,-0.0193632,-0.0192449,-0.0191214,-0.0189926,-0.0188584,-0.0187187,-0.0185735,-0.0184226,-0.0182659,-0.0181034,-0.0179349,-0.0177603,-0.0175795,-0.0173924,-0.0171989,-0.0169987,-0.0167918,-0.016578,-0.0163572,-0.0161291,-0.0158935,-0.0156504,-0.0153995,-0.0151405,-0.0148733,-0.0145976,-0.0143132,-0.0140197,-0.0137169,-0.0134045,-0.0130821,-0.0127494,-0.0124061,-0.0120516,-0.0116857,-0.0113077,-0.0109173,-0.0105138,-0.0100967,-0.0096653,-0.00921895,-0.00875688,-0.00827827,-0.0077822,-0.00726769,-0.00673367,-0.00617895,-0.00560223,-0.00500211,-0.00437704,-0.00372534,-0.00304521,-0.00233471,-0.00159179,-0.000814296,0
0,-0.000864105,-0.00169122,-0.00248339,-0.00324261,-0.00397079,-0.00466974,-0.00534118,-0.00598672,-0.00660783,-0.0072059,-0.0077822,-0.0083379,-0.0088741,-0.00939177,-0.00989184,-0.0103751,-0.0108425,-0.0112945,-0.0117319,-0.0121554,-0.0125654,-0.0129625,-0.0133472,-0.01372,-0.0140813,-0.0144314,-0.0147707,-0.0150997,-0.0154186,-0.0157277,-0.0160274,-0.0163179,-0.0165994,-0.0168722,-0.0171366,-0.0173927,-0.0176407,-0.0178809,-0.0181135,-0.0183385,-0.0185563,-0.0187668,-0.0189704,-0.019167,-0.019357,-0.0195403,-0.0197172,-0.0198876,-0.0200519,-0.0202099,-0.0203619,-0.020508,-0.0206482,-0.0207826,-0.0209113,-0.0210344,-0.0211519,-0.021264,-0.0213706,-0.0214719,-0.0215679,-0.0216586,-0.0217442,-0.0218246,-0.0219,-0.0219702,-0.0220355,-0.0220958,-0.0221511,-0.0222016,-0.0222471,-0.0222878,-0.0223237,-0.0223547,-0.0223809,-0.0224024,-0.022419,-0.0224309,-0.0224381,-0.0224404,-0.0224381,-0.0224309,-0.022419,-0.0224024,-0.0223809,-0.0223547,-0.0223237,-0.0222878,-0.0222471,-0.0222016,-0.0221511,-0.0220958,-0.0220355,-0.0219702,-0.0219,-0.0218246,-0.0217442,-0.0216586,-0.0215679,-0.0214719,-0.0213706,-0.021264,-0.0211519,-0.0210344,-0.0209113,-0.0207826,-0.0206482,-0.020508,-0.0203619,-0.0202099,-0.0200519,-0.0198876,-0.0197172,-0.0195403,-0.019357,-0.019167,-0.0189704,-0.0187668,-0.0185563,-0.0183385,-0.0181135,-0.0178809,-0.0176407,-0.0173927,-0.0171366,-0.0168722,-0.0165994,-0.0163179,-0.0160274,-0.0157277,-0.0154186,-0.0150997,-0.0147707,-0.0144314,-0.0140813,-0.01372,-0.0133472,-0.0129625,-0.0125654,-0.0121554,-0.0117319,-0.0112945,-0.0108425,-0.0103751,-0.00989184,-0.00939177,-0.0088741,-0.0083379,-0.0077822,-0.0072059,-0.00660783,-0.00598672,-0.00534118,-0.00466974,-0.00397079,-0.00324261,-0.00248339,-0.00169122,-0.000864105,0
0,-0.000911843,-0.00178654,-0.00262598,-0.00343201,-0.00420642,-0.00495092,-0.00566713,-0.00635658,-0.00702071,-0.00766086,-0.00827827,-0.0088741,-0.00944942,-0.0100052,-0.0105425,-0.0110619,-0.0115645,-0.0120508,-0.0125216,-0.0129775,-0.013419,-0.0138468,-0.0142614,-0.0146631,-0.0150525,-0.01543,-0.015796,-0.0161508,-0.0164948,-0.0168284,-0.0171517,-0.0174652,-0.017769,-0.0180635,-0.0183489,-0.0186254,-0.0188932,-0.0191526,-0.0194037,-0.0196467,-0.0198819,-0.0201093,-0.0203291,-0.0205416,-0.0207468,-0.0209448,-0.0211359,-0.02132,-0.0214975,-0.0216682,-0.0218325,-0.0219903,-0.0221418,-0.022287,-0.0224261,-0.0225591,-0.0226861,-0.0228072,-0.0229225,-0.0230319,-0.0231357,-0.0232338,-0.0233262,-0.0234132,-0.0234946,-0.0235705,-0.0236411,-0.0237063,-0.0237661,-0.0238206,-0.0238698,-0.0239138,-0.0239526,-0.0239861,-0.0240145,-0.0240376,-0.0240556,-0.0240685,-0.0240762,-0.0240788,-0.0240762,-0.0240685,-0.0240556,-0.0240376,-0.0240145,-0.0239861,-0.0239526,-0.0239138,-0.0238698,-0.0238206,-0.0237661,-0.0237063,-0.0236411,-0.0235705,-0.0234946,-0.0234132,-0.0233262,-0.0232338,-0.0231357,-0.0230319,-0.0229225,-0.0228072,-0.0226861,-0.0225591,-0.0224261,-0.022287,-0.0221418,-0.0219903,-0.0218325,-0.0216682,-0.0214975,-0.02132,-0.0211359,-0.0209448,-0.0207468,-0.0205416,-0.0203291,-0.0201093,-0.0198819,-0.0196467,-0.0194037,-0.0191526,-0.0188932,-0.0186254,-0.0183489,-0.0180635,-0.017769,-0.0174652,-0.0171517,-0.0168284,-0.0164948,-0.0161508,-0.015796,-0.01543,-0.0150525,-0.0146631,-0.0142614,-0.0138468,-0.013419,-0.0129775,-0.0125216,-0.0120508,-0.0115645,-0.0110619,-0.0105425,-0.0100052,-0.00944942,-0.0088741,-0.00827827,-0.00766086,-0.00702071,-0.00635658,-0.00566713,-0.00495092,-0.00420642,-0.00343201,-0.00262598,-0.00178654,-0.000911843,0
0,-0.000957668,-0.00187805,-0.00276291,-0.00361397,-0.00443291,-0.00522133,-0.00598079,-0.00671273,-0.00741854,-0.00809952,-0.00875688,-0.00939177,-0.0100052,-0.0105983,-0.0111718,-0.0117267,-0.0122637,-0.0127836,-0.0132871,-0.0137749,-0.0142474,-0.0147054,-0.0151493,-0.0155796,-0.0159967,-0.0164012,-0.0167935,-0.0171738,-0.0175426,-0.0179002,-0.0182469,-0.0185831,-0.018909,-0.0192249,-0.0195311,-0.0198277,-0.0201151,-0.0203935,-0.020663,-0.0209238,-0.0211762,-0.0214203,-0.0216564,-0.0218844,-0.0221047,-0.0223174,-0.0225225,-0.0227202,-0.0229108,-0.0230942,-0.0232705,-0.02344,-0.0236027,-0.0237587,-0.0239081,-0.0240509,-0.0241873,-0.0243174,-0.0244412,-0.0245588,-0.0246702,-0.0247756,-0.0248749,-0.0249683,-0.0250558,-0.0251374,-0.0252132,-0.0252832,-0.0253474,-0.025406,-0.0254589,-0.0255061,-0.0255478,-0.0255838,-0.0256143,-0.0256392,-0.0256585,-0.0256723,-0.0256806,-0.0256834,-0.0256806,-0.0256723,-0.0256585,-0.0256392,-0.0256143,-0.0255838,-0.0255478,-0.0255061,-0.0254589,-0.025406,-0.0253474,-0.0252832,-0.0252132,-0.0251374,-0.0250558,-0.0249683,-0.0248749,-0.0247756,-0.0246702,-0.0245588,-0.0244412,-0.0243174,-0.0241873,-0.0240509,-0.0239081,-0.0237587,-0.0236027,-0.02344,-0.0232705,-0.0230942,-0.0229108,-0.0227202,-0.0225225,-0.0223174,-0.0221047,-0.0218844,-0.0216564,-0.0214203,-0.0211762,-0.0209238,-0.020663,-0.0203935,-0.0201151,-0.0198277,-0.0195311,-0.0192249,-0.018909,-0.0185831,-0.0182469,-0.0179002,-0.0175426,-0.0171738,-0.0167935,-0.0164012,-0.0159967,-0.0155796,-0.0151493,-0.0147054,-0.0142474,-0.0137749,-0.0132871,-0.0127836,-0.0122637,-0.0117267,-0.0111718,-0.0105983,-0.0100052,-0.00939177,-0.00875688,-0.00809952,-0.00741854,-0.00671273,-0.00598079,-0.00522133,-0.00443291,-0.00361397,-0.00276291,-0.00187805,-0.000957668,0
0,-0.00100172,-0.00196604,-0.0028946,-0.00378902,-0.00465087,-0.00548168,-0.00628292,-0.00705597,-0.00780217,-0.00852277,-0.00921895,-0.00989184,-0.0105425,-0.0111718,-0.0117808,-0.0123703,-0.0129411,-0.0134939,-0.0140295,-0.0145484,-0.0150514,-0.015539,-0.0160118,-0.0164701,-0.0169146,-0.0173457,-0.0177638,-0.0181693,-0.0185625,-0.0189439,-0.0193137,-0.0196724,-0.0200201,-0.0203571,-0.0206838,-0.0210004,-0.0213072,-0.0216043,-0.021892,-0.0221704,-0.0224399,-0.0227006,-0.0229526,-0.0231961,-0.0234314,-0.0236585,-0.0238776,-0.0240888,-0.0242923,-0.0244882,-0.0246766,-0.0248576,-0.0250314,-0.0251981,-0.0253576,-0.0255103,-0.025656,-0.025795,-0.0259272,-0.0260529,-0.0261719,-0.0262845,-0.0263907,-0.0264905,-0.0265839,-0.0266711,-0.0267521,-0.0268269,-0.0268956,-0.0269582,-0.0270147,-0.0270652,-0.0271097,-0.0271482,-0.0271807,-0.0272073,-0.027228,-0.0272428,-0.0272516,-0.0272546,-0.0272516,-0.0272428,-0.027228,-0.0272073,-0.0271807,-0.0271482,-0.0271097,-0.0270652,-0.0270147,-0.0269582,-0.0268956,-0.0268269,-0.0267521,-0.0266711,-0.0265839,-0.0264905,-0.0263907,-0.0262845,-0.0261719,-0.0260529,-0.0259272,-0.025795,-0.025656,-0.0255103,-0.0253576,-0.0251981,-0.0250314,-0.0248576,-0.0246766,-0.0244882,-0.0242923,-0.0240888,-0.0238776,-0.0236585,-0.0234314,-0.0231961,-0.0229526,-0.0227006,-0.0224399,-0.0221704,-0.021892,-0.0216043,-0.0213072,-0.0210004,-0.0206838,-0.0203571,-0.0200201,-0.0196724,-0.0193137,-0.0189439,-0.0185625,-0.0181693,-0.0177638,-0.0173457,-0.0169146,-0.0164701,-0.0160118,-0.015539,-0.0150514,-0.0145484,-0.0140295,-0.0134939,-0.0129411,-0.0123703,-0.0117808,-0.0111718,-0.0105425,-0.00989184,-0.00921895,-0.00852277,-0.00780217,-0.00705597,-0.00628292,-0.00548168,-0.00465087,-0.00378902,-0.0028946,-0.00196604,-0.00100172,0
0,-0.00104411,-0.00205072,-0.00302137,-0.00395757,-0.00486083,-0.00573257,-0.00657419,-0.00738703,-0.00817236,-0.0089314,-0.0096653,-0.0103751,-0.0110619,-0.0117267,-0.0123703,-0.0129936,-0.0135973,-0.0141824,-0.0147494,-0.015299,-0.0158318,-0.0163485,-0.0168496,-0.0173356,-0.017807,-0.0182643,-0.0187078,-0.019138,-0.0195554,-0.0199602,-0.0203528,-0.0207336,-0.0211028,-0.0214608,-0.0218078,-0.0221441,-0.0224699,-0.0227856,-0.0230912,-0.0233871,-0.0236735,-0.0239505,-0.0242184,-0.0244772,-0.0247273,-0.0249687,-0.0252016,-0.0254261,-0.0256425,-0.0258507,-0.0260511,-0.0262436,-0.0264284,-0.0266056,-0.0267753,-0.0269376,-0.0270926,-0.0272404,-0.027381,-0.0275146,-0.0276413,-0.027761,-0.0278739,-0.02798,-0.0280794,-0.0281722,-0.0282583,-0.0283379,-0.0284109,-0.0284775,-0.0285376,-0.0285913,-0.0286387,-0.0286796,-0.0287143,-0.0287426,-0.0287646,-0.0287803,-0.0287897,-0.0287928,-0.0287897,-0.0287803,-0.0287646,-0.0287426,-0.0287143,-0.0286796,-0.0286387,-0.0285913,-0.0285376,-0.0284775,-0.0284109,-0.0283379,-0.0282583,-0.0281722,-0.0280794,-0.02798,-0.0278739,-0.027761,-0.0276413,-0.0275146,-0.027381,-0.0272404,-0.0270926,-0.0269376,-0.0267753,-0.0266056,-0.0264284,-0.0262436,-0.0260511,-0.0258507,-0.0256425,-0.0254261,-0.0252016,-0.0249687,-0.0247273,-0.0244772,-0.0242184,-0.0239505,-0.0236735,-0.0233871,-0.0230912,-0.0227856,-0.0224699,-0.0221441,-0.0218078,-0.0214608,-0.0211028,-0.0207336,-0.0203528,-0.0199602,-0.0195554,-0.019138,-0.0187078,-0.0182643,-0.017807,-0.0173356,-0.0168496,-0.0163485,-0.0158318,-0.015299,-0.0147494,-0.0141824,-0.0135973,-0.0129936,-0.0123703,-0.0117267,-0.0110619,-0.0103751,-0.0096653,-0.0089314,-0.00817236,-0.00738703,-0.00657419,-0.00573257,-0.00486083,-0.00395757,-0.00302137,-0.00205072,-0.00104411,0
0,-0.00108495,-0.00213231,-0.00314353,-0.00412004,-0.00506325,-0.00597453,-0.00685521,-0.00770657,-0.00852983,-0.00932616,-0.0100967,-0.0108425,-0.0115645,-0.0122637,-0.0129411,-0.0135973,-0.0142334,-0.0148499,-0.0154477,-0.0160273,-0.0165894,-0.0171347,-0.0176636,-0.0181767,-0.0186745,-0.0191575,-0.0196261,-0.0200808,-0.0205218,-0.0209497,-0.0213648,-0.0217674,-0.0221578,-0.0225364,-0.0229035,-0.0232592,-0.0236039,-0.0239379,-0.0242613,-0.0245745,-0.0248775,-0.0251707,-0.0254542,-0.0257282,-0.0259929,-0.0262485,-0.026495,-0.0267328,-0.0269618,-0.0271824,-0.0273945,-0.0275983,-0.027794,-0.0279817,-0.0281614,-0.0283333,-0.0284974,-0.028654,-0.0288029,-0.0289445,-0.0290786,-0.0292054,-0.029325,-0.0294374,-0.0295427,-0.029641,-0.0297322,-0.0298165,-0.0298939,-0.0299644,-0.0300281,-0.030085,-0.0301352,-0.0301785,-0.0302152,-0.0302452,-0.0302685,-0.0302852,-0.0302951,-0.0302985,-0.0302951,-0.0302852,-0.0302685,-0.0302452,-0.0302152,-0.0301785,-0.0301352,-0.030085,-0.0300281,-0.0299644,-0.0298939,-0.0298165,-0.0297322,-0.029641,-0.0295427,-0.0294374,-0.029325,-0.0292054,-0.0290786,-0.0289445,-0.0288029,-0.028654,-0.0284974,-0.0283333,-0.0281614,-0.0279817,-0.027794,-0.0275983,-0.0273945,-0.0271824,-0.0269618,-0.0267328,-0.026495,-0.0262485,-0.0259929,-0.0257282,-0.0254542,-0.0251707,-0.0248775,-0.0245745,-0.0242613,-0.0239379,-0.0236039,-0.0232592,-0.0229035,-0.0225364,-0.0221578,-0.0217674,-0.0213648,-0.0209497,-0.0205218,-0.0200808,-0.0196261,-0.0191575,-0.0186745,-0.0181767,-0.0176636,-0.0171347,-0.0165894,-0.0160273,-0.0154477,-0.0148499,-0.0142334,-0.0135973,-0.0129411,-0.0122637,-0.0115645,-0.0108425,-0.0100967,-0.00932616,-0.00852983,-0.00770657,-0.00685521,-0.00597453,-0.00506325,-0.00412004,-0.00314353,-0.00213231,-0.00108495,0
0,-0.00112433,-0.00221099,-0.00326134,-0.00427675,-0.00525856,-0.00620806,-0.00712652,-0.00801517,-0.00887519,-0.0097077,-0.0105138,-0.0112945,-0.0120508,-0.0127836,-0.0134939,-0.0141824,-0.0148499,-0.0154973,-0.0161251,-0.0167341,-0.0173249,-0.0178982,-0.0184544,-0.0189942,-0.0195179,-0.0200262,-0.0205194,-0.0209981,-0.0214625,-0.0219131,-0.0223503,-0.0227744,-0.0231858,-0.0235847,-0.0239715,-0.0243464,-0.0247098,-0.0250618,-0.0254028,-0.025733,-0.0260525,-0.0263617,-0.0266606,-0.0269496,-0.0272288,-0.0274983,-0.0277584,-0.0280092,-0.0282508,-0.0284835,-0.0287073,-0.0289224,-0.0291288,-0.0293268,-0.0295165,-0.0296978,-0.0298711,-0.0300362,-0.0301935,-0.0303428,-0.0304844,-0.0306182,-0.0307444,-0.0308631,-0.0309742,-0.0310779,-0.0311742,-0.0312632,-0.0313449,-0.0314193,-0.0314865,-0.0315466,-0.0315995,-0.0316453,-0.031684,-0.0317157,-0.0317403,-0.0317579,-0.0317684,-0.0317719,-0.0317684,-0.0317579,-0.0317403,-0.0317157,-0.031684,-0.0316453,-0.0315995,-0.0315466,-0.0314865,-0.0314193,-0.0313449,-0.0312632,-0.0311742,-0.0310779,-0.0309742,-0.0308631,-0.0307444,-0.0306182,-0.0304844,-0.0303428,-0.0301935,-0.0300362,-0.0298711,-0.0296978,-0.0295165,-0.0293268,-0.0291288,-0.0289224,-0.0287073,-0.0284835,-0.0282508,-0.0280092,-0.0277584,-0.0274983,-0.0272288,-0.0269496,-0.0266606,-0.0263617,-0.0260525,-0.025733,-0.0254028,-0.0250618,-0.0247098,-0.0243464,-0.0239715,-0.0235847,-0.0231858,-0.0227744,-0.0223503,-0.0219131,-0.0214625,-0.0209981,-0.0205194,-0.0200262,-0.0195179,-0.0189942,-0.0184544,-0.0178982,-0.0173249,-0.0167341,-0.0161251,-0.0154973,-0.0148499,-0.0141824,-0.0134939,-0.0127836,-0.0120508,-0.0112945,-0.0105138,-0.0097077,-0.00887519,-0.00801517,-0.00712652,-0.00620806,-0.00525856,-0.00427675,-0.00326134,-0.00221099,-0.00112433,0
0,-0.00116233,-0.00228691,-0.00337505,-0.00442803,-0.00544713,-0.00643358,-0.00738861,-0.00831338,-0.00920902,-0.0100766,-0.0109173,-0.0117319,-0.0125216,-0.0132871,-0.0140295,-0.0147494,-0.0154477,-0.0161251,-0.0167824,-0.0174201,-0.0180391,-0.0186397,-0.0192227,-0.0197886,-0.0203378,-0.020871,-0.0213884,-0.0218906,-0.022378,-0.022851,-0.02331,-0.0237553,-0.0241872,-0.0246062,-0.0250124,-0.0254063,-0.025788,-0.0261579,-0.0265162,-0.0268631,-0.027199,-0.0275239,-0.0278381,-0.0281419,-0.0284354,-0.0287188,-0.0289922,-0.0292559,-0.02951,-0.0297546,-0.0299899,-0.0302161,-0.0304332,-0.0306415,-0.0308409,-0.0310317,-0.0312139,-0.0313876,-0.031553,-0.0317101,-0.031859,-0.0319998,-0.0321326,-0.0322574,-0.0323743,-0.0324834,-0.0325847,-0.0326783,-0.0327642,-0.0328426,-0.0329133,-0.0329765,-0.0330321,-0.0330803,-0.0331211,-0.0331544,-0.0331803,-0.0331987,-0.0332098,-0.0332135,-0.0332098,-0.0331987,-0.0331803,-0.0331544,-0.0331211,-0.0330803,-0.0330321,-0.0329765,-0.0329133,-0.0328426,-0.0327642,-0.0326783,-0.0325847,-0.0324834,-0.0323743,-0.0322574,-0.0321326,-0.0319998,-0.031859,-0.0317101,-0.031553,-0.0313876,-0.0312139,-0.0310317,-0.0308409,-0.0306415,-0.0304332,-0.0302161,-0.0299899,-0.0297546,-0.02951,-0.0292559,-0.0289922,-0.0287188,-0.0284354,-0.0281419,-0.0278381,-0.0275239,-0.027199,-0.0268631,-0.0265162,-0.0261579,-0.025788,-0.0254063,-0.0250124,-0.0246062,-0.0241872,-0.0237553,-0.02331,-0.022851,-0.022378,-0.0218906,-0.0213884,-0.020871,-0.0203378,-0.0197886,-0.0192227,-0.0186397,-0.0180391,-0.0174201,-0.0167824,-0.0161251,-0.0154477,-0.0147494,-0.0140295,-0.0132871,-0.0125216,-0.0117319,-0.0109173,-0.0100766,-0.00920902,-0.00831338,-0.00738861,-0.00643358,-0.00544713,-0.00442803,-0.00337505,-0.00228691,-0.00116233,0
0,-0.00119902,-0.00236023,-0.00348486,-0.00457415,-0.0056293,-0.00665151,-0.00764192,-0.00860168,-0.00953187,-0.0104335,-0.0113077,-0.0121554,-0.0129775,-0.0137749,-0.0145484,-0.015299,-0.0160273,-0.0167341,-0.0174201,-0.018086,-0.0187325,-0.01936,-0.0199692,-0.0205607,-0.0211349,-0.0216924,-0.0222336,-0.022759,-0.023269,-0.023764,-0.0242444,-0.0247105,-0.0251627,-0.0256014,-0.0260269,-0.0264394,-0.0268392,-0.0272267,-0.027602,-0.0279655,-0.0283174,-0.0286579,-0.0289872,-0.0293056,-0.0296132,-0.0299102,-0.0301969,-0.0304733,-0.0307396,-0.0309961,-0.0312429,-0.03148,-0.0317077,-0.031926,-0.0321352,-0.0323352,-0.0325263,-0.0327085,-0.0328819,-0.0330467,-0.0332029,-0.0333506,-0.0334898,-0.0336207,-0.0337434,-0.0338578,-0.0339641,-0.0340622,-0.0341524,-0.0342345,-0.0343087,-0.034375,-0.0344334,-0.034484,-0.0345267,-0.0345616,-0.0345888,-0.0346082,-0.0346198,-0.0346237,-0.0346198,-0.0346082,-0.0345888,-0.0345616,-0.0345267,-0.034484,-0.0344334,-0.034375,-0.0343087,-0.0342345,-0.0341524,-0.0340622,-0.0339641,-0.0338578,-0.0337434,-0.0336207,-0.0334898,-0.0333506,-0.0332029,-0.0330467,-0.0328819,-0.0327085,-0.0325263,-0.0323352,-0.0321352,-0.031926,-0.0317077,-0.03148,-0.0312429,-0.0309961,-0.0307396,-0.0304733,-0.0301969,-0.0299102,-0.0296132,-0.0293056,-0.0289872,-0.0286579,-0.0283174,-0.0279655,-0.027602,-0.0272267,-0.0268392,-0.0264394,-0.0260269,-0.0256014,-0.0251627,-0.0247105,-0.0242444,-0.023764,-0.023269,-0.022759,-0.0222336,-0.0216924,-0.0211349,-0.0205607,-0.0199692,-0.01936,-0.0187325,-0.018086,-0.0174201,-0.0167341,-0.0160273,-0.015299,-0.0145484,-0.0137749,-0.0129775,-0.0121554,-0.0113077,-0.0104335,-0.00953187,-0.00860168,-0.00764192,-0.00665151,-0.0056293,-0.00457415,-0.00348486,-0.00236023,-0.00119902,0
0,-0.00123447,-0.00243107,-0.00359097,-0.00471536,-0.00580539,-0.00686218,-0.00788687,-0.00888052,-0.0098442,-0.0107789,-0.0116857,-0.0125654,-0.013419,-0.0142474,-0.0150514,-0.0158318,-0.0165894,-0.0173249,-0.0180391,-0.0187325,-0.0194058,-0.0200596,-0.0206945,-0.0213111,-0.0219098,-0.0224912,-0.0230558,-0.0236039,-0.0241361,-0.0246527,-0.0251541,-0.0256407,-0.0261129,-0.026571,-0.0270153,-0.0274462,-0.0278639,-0.0282687,-0.0286608,-0.0290407,-0.0294084,-0.0297642,-0.0301084,-0.0304412,-0.0307627,-0.0310732,-0.0313729,-0.0316619,-0.0319404,-0.0322085,-0.0324665,-0.0327145,-0.0329526,-0.0331809,-0.0333997,-0.0336089,-0.0338087,-0.0339993,-0.0341807,-0.034353,-0.0345164,-0.0346709,-0.0348166,-0.0349535,-0.0350818,-0.0352015,-0.0353127,-0.0354154,-0.0355097,-0.0355956,-0.0356732,-0.0357426,-0.0358037,-0.0358566,-0.0359013,-0.0359378,-0.0359662,-0.0359865,-0.0359987,-0.0360027,-0.0359987,-0.0359865,-0.0359662,-0.0359378,-0.0359013,-0.0358566,-0.0358037,-0.0357426,-0.0356732,-0.0355956,-0.0355097,-0.0354154,-0.0353127,-0.0352015,-0.0350818,-0.0349535,-0.0348166,-0.0346709,-0.0345164,-0.034353,-0.0341807,-0.0339993,-0.0338087,-0.0336089,-0.0333997,-0.0331809,-0.0329526,-0.0327145,-0.0324665,-0.0322085,-0.0319404,-0.0316619,-0.0313729,-0.0310732,-0.0307627,-0.0304412,-0.0301084,-0.0297642,-0.0294084,-0.0290407,-0.0286608,-0.0282687,-0.0278639,-0.0274462,-0.0270153,-0.026571,-0.0261129,-0.0256407,-0.0251541,-0.0246527,-0.0241361,-0.0236039,-0.0230558,-0.0224912,-0.0219098,-0.0213111,-0.0206945,-0.0200596,-0.0194058,-0.0187325,-0.0180391,-0.0173249,-0.0165894,-0.0158318,-0.0150514,-0.0142474,-0.013419,-0.0125654,-0.0116857,-0.0107789,-0.0098442,-0.00888052,-0.00788687,-0.00686218,-0.00580539,-0.00471536,-0.00359097,-0.00243107,-0.00123447,0
0,-0.00126874,-0.00249955,-0.00369356,-0.00485189,-0.00597566,-0.00706594,-0.00812381,-0.00915032,-0.0101465,-0.0111133,-0.0120516,-0.0129625,-0.0138468,-0.0147054,-0.015539,-0.0163485,-0.0171347,-0.0178982,-0.0186397,-0.01936,-0.0200596,-0.0207391,-0.0213992,-0.0220404,-0.0226631,-0.0232679,-0.0238554,-0.0244258,-0.0249798,-0.0255176,-0.0260397,-0.0265465,-0.0270383,-0.0275155,-0.0279783,-0.0284273,-0.0288625,-0.0292843,-0.0296931,-0.030089,-0.0304723,-0.0308433,-0.0312021,-0.0315491,-0.0318844,-0.0322082,-0.0325207,-0.0328221,-0.0331125,-0.0333923,-0.0336614,-0.03392,-0.0341684,-0.0344066,-0.0346348,-0.0348531,-0.0350616,-0.0352604,-0.0354497,-0.0356295,-0.0358,-0.0359612,-0.0361132,-0.0362561,-0.03639,-0.0365149,-0.0366309,-0.0367381,-0.0368365,-0.0369262,-0.0370072,-0.0370796,-0.0371434,-0.0371986,-0.0372452,-0.0372834,-0.037313,-0.0373342,-0.0373469,-0.0373511,-0.0373469,-0.0373342,-0.037313,-0.0372834,-0.0372452,-0.0371986,-0.0371434,-0.0370796,-0.0370072,-0.0369262,-0.0368365,-0.0367381,-0.0366309,-0.0365149,-0.03639,-0.0362561,-0.0361132,-0.0359612,-0.0358,-0.0356295,-0.0354497,-0.0352604,-0.0350616,-0.0348531,-0.0346348,-0.0344066,-0.0341684,-0.03392,-0.0336614,-0.0333923,-0.0331125,-0.0328221,-0.0325207,-0.0322082,-0.0318844,-0.0315491,-0.0312021,-0.0308433,-0.0304723,-0.030089,-0.0296931,-0.0292843,-0.0288625,-0.0284273,-0.0279783,-0.0275155,-0.0270383,-0.0265465,-0.0260397,-0.0255176,-0.0249798,-0.0244258,-0.0238554,-0.0232679,-0.0226631,-0.0220404,-0.0213992,-0.0207391,-0.0200596,-0.01936,-0.0186397,-0.0178982,-0.0171347,-0.0163485,-0.015539,-0.0147054,-0.0138468,-0.0129625,-0.0120516,-0.0111133,-0.0101465,-0.00915032,-0.00812381,-0.00706594,-0.00597566,-0.00485189,-0.00369356,-0.00249955,-0.00126874,0
