0,0,0,0,0,0,0,0,0,0,0,0,0,0,0,0,0,0,0,0,0,0,0,0,0,0,0,0,0,0,0,0,0,0,0,0,0,0,0,0,0,0,0,0,0,0,0,0,0,0,0,0,0,0,0,0,0,0,0,0,0,0,0,0,0,0,0,0,0,0,0,0,0,0,0,0,0,0,0,0,0,0,0,0,0,0,0,0,0,0,0,0,0,0,0,0,0,0,0,0,0,0,0,0,0,0,0,0,0,0,0,0,0,0,0,0,0,0,0,0,0,0,0,0,0,0,0,0,0,0,0,0,0,0,0,0,0,0,0,0,0,0,0,0,0,0,0,0,0,0,0,0,0,0,0,0,0,0,0,0,0
0,-0.000100622,-0.00018172,-0.000251025,-0.000312176,-0.000367168,-0.000417235,-0.000463211,-0.000505692,-0.000545131,-0.000581881,-0.000616225,-0.000648399,-0.000678596,-0.000706986,-0.000733712,-0.000758899,-0.000782659,-0.000805091,-0.000826282,-0.000846312,-0.000865254,-0.000883173,-0.00090013,-0.000916181,-0.000931375,-0.000945762,-0.000959384,-0.000972284,-0.000984499,-0.000996065,-0.00100702,-0.00101739,-0.0010272,-0.00103649,-0.00104528,-0.0010536,-0.00106147,-0.00106891,-0.00107595,-0.0010826,-0.00108888,-0.00109481,-0.00110042,-0.00110571,-0.0011107,-0.0011154,-0.00111984,-0.00112402,-0.00112796,-0.00113166,-0.00113515,-0.00113842,-0.0011415,-0.00114438,-0.00114709,-0.00114963,-0.001152,-0.00115422,-0.00115629,-0.00115822,-0.00116002,-0.00116169,-0.00116324,-0.00116467,-0.00116599,-0.0011672,-0.00116832,-0.00116933,-0.00117025,-0.00117108,-0.00117182,-0.00117247,-0.00117304,-0.00117354,-0.00117395,-0.00117428,-0.00117454,-0.00117473,-0.00117484,-0.00117488,-0.00117484,-0.00117473,-0.00117454,-0.00117428,-0.00117395,-0.00117354,-0.00117304,-0.00117247,-0.00117182,-0.00117108,-0.00117025,-0.00116933,-0.00116832,-0.0011672,-0.00116599,-0.00116467,-0.00116324,-0.00116169,-0.00116002,-0.00115822,-0.00115629,-0.00115422,-0.001152,-0.00114963,-0.00114709,-0.00114438,-0.0011415,-0.00113842,-0.00113515,-0.00113166,-0.00112796,-0.00112402,-0.00111984,-0.0011154,-0.0011107,-0.00110571,-0.00110042,-0.00109481,-0.00108888,-0.0010826,-0.00107595,-0.00106891,-0.00106147,-0.0010536,-0.00104528,-0.00103649,-0.0010272,-0.00101739,-0.00100702,-0.000996065,-0.000984499,-0.000972284,-0.000959384,-0.000945762,-0.000931375,-0.000916181,-0.00090013,-0.000883173,-0.000865254,-0.000846312,-0.000826282,-0.000805091,-0.000782659,-0.000758899,-0.000733712,-0.000706986,-0.000678596,-0.000648399,-0.000616225,-0.000581881,-0.000545131,-0.000505692,-0.000463211,-0.000417235,-0.000367168,-0.000312176,-0.000251025,-0.00018172,-0.000100622,0
0,-0.00018172,-0.000336205,-0.000471192,-0.000591513,-0.000700281,-0.0007996,-0.000890968,-0.000975495,-0.00105404,-0.00112727,-0.00119574,-0.00125991,-0.00132015,-0.0013768,-0.00143014,-0.00148042,-0.00152786,-0.00157265,-0.00161496,-0.00165497,-0.0016928,-0.00172859,-0.00176246,-0.00179453,-0.00182488,-0.00185362,-0.00188084,-0.00190662,-0.00193102,-0.00195413,-0.00197602,-0.00199674,-0.00201635,-0.00203492,-0.00205248,-0.00206911,-0.00208483,-0.0020997,-0.00211376,-0.00212705,-0.00213961,-0.00215147,-0.00216267,-0.00217325,-0.00218322,-0.00219263,-0.0022015,-0.00220985,-0.00221772,-0.00222512,-0.00223209,-0.00223863,-0.00224478,-0.00225055,-0.00225596,-0.00226103,-0.00226578,-0.00227021,-0.00227435,-0.00227821,-0.00228181,-0.00228514,-0.00228824,-0.0022911,-0.00229374,-0.00229617,-0.00229839,-0.00230042,-0.00230225,-0.00230391,-0.00230539,-0.0023067,-0.00230784,-0.00230883,-0.00230965,-0.00231032,-0.00231084,-0.00231121,-0.00231143,-0.00231151,-0.00231143,-0.00231121,-0.00231084,-0.00231032,-0.00230965,-0.00230883,-0.00230784,-0.0023067,-0.00230539,-0.00230391,-0.00230225,-0.00230042,-0.00229839,-0.00229617,-0.00229374,-0.0022911,-0.00228824,-0.00228514,-0.00228181,-0.00227821,-0.00227435,-0.00227021,-0.00226578,-0.00226103,-0.00225596,-0.00225055,-0.00224478,-0.00223863,-0.00223209,-0.00222512,-0.00221772,-0.00220985,-0.0022015,-0.00219263,-0.00218322,-0.00217325,-0.00216267,-0.00215147,-0.00213961,-0.00212705,-0.00211376,-0.0020997,-0.00208483,-0.00206911,-0.00205248,-0.00203492,-0.00201635,-0.00199674,-0.00197602,-0.00195413,-0.00193102,-0.00190662,-0.00188084,-0.00185362,-0.00182488,-0.00179453,-0.00176246,-0.00172859,-0.0016928,-0.00165497,-0.00161496,-0.00157265,-0.00152786,-0.00148042,-0.00143014,-0.0013768,-0.00132015,-0.00125991,-0.00119574,-0.00112727,-0.00105404,-0.000975495,-0.000890968,-0.0007996,-0.000700281,-0.000591513,-0.000471192,-0.000336205,-0.00018172,0
0,-0.000251025,-0.000471192,-0.000667062,-0.000843474,-0.00100394,-0.00115105,-0.00128673,-0.00141249,-0.00152948,-0.00163868,-0.00174085,-0.00183666,-0.00192666,-0.00201132,-0.00209106,-0.00216624,-0.00223719,-0.00230419,-0.0023675,-0.00242736,-0.00248399,-0.00253756,-0.00258826,-0.00263627,-0.00268171,-0.00272475,-0.00276551,-0.0028041,-0.00284065,-0.00287527,-0.00290805,-0.00293908,-0.00296846,-0.00299627,-0.00302259,-0.00304749,-0.00307105,-0.00309333,-0.00311439,-0.0031343,-0.00315312,-0.00317089,-0.00318767,-0.00320351,-0.00321846,-0.00323255,-0.00324584,-0.00325836,-0.00327015,-0.00328125,-0.00329168,-0.00330149,-0.00331071,-0.00331935,-0.00332746,-0.00333506,-0.00334217,-0.00334882,-0.00335502,-0.00336081,-0.00336619,-0.00337119,-0.00337583,-0.00338012,-0.00338408,-0.00338771,-0.00339105,-0.00339408,-0.00339684,-0.00339932,-0.00340154,-0.0034035,-0.00340521,-0.00340669,-0.00340792,-0.00340893,-0.00340971,-0.00341026,-0.00341059,-0.0034107,-0.00341059,-0.00341026,-0.00340971,-0.00340893,-0.00340792,-0.00340669,-0.00340521,-0.0034035,-0.00340154,-0.00339932,-0.00339684,-0.00339408,-0.00339105,-0.00338771,-0.00338408,-0.00338012,-0.00337583,-0.00337119,-0.00336619,-0.00336081,-0.00335502,-0.00334882,-0.00334217,-0.00333506,-0.00332746,-0.00331935,-0.00331071,-0.00330149,-0.00329168,-0.00328125,-0.00327015,-0.00325836,-0.00324584,-0.00323255,-0.00321846,-0.00320351,-0.00318767,-0.00317089,-0.00315312,-0.0031343,-0.00311439,-0.00309333,-0.00307105,-0.00304749,-0.00302259,-0.00299627,-0.00296846,-0.00293908,-0.00290805,-0.00287527,-0.00284065,-0.0028041,-0.00276551,-0.00272475,-0.00268171,-0.00263627,-0.00258826,-0.00253756,-0.00248399,-0.00242736,-0.0023675,-0.00230419,-0.00223719,-0.00216624,-0.00209106,-0.00201132,-0.00192666,-0.00183666,-0.00174085,-0.00163868,-0.00152948,-0.00141249,-0.00128673,-0.00115105,-0.00100394,-0.000843474,-0.000667062,-0.000471192,-0.000251025,0
0,-0.000312176,-0.000591513,-0.000843474,-0.00107251,-0.00128215,-0.00147516,-0.00165371,-0.00181956,-0.00197412,-0.00211854,-0.00225381,-0.00238076,-0.00250007,-0.00261237,-0.00271819,-0.002818,-0.00291221,-0.00300122,-0.00308534,-0.00316489,-0.00324015,-0.00331137,-0.00337878,-0.00344261,-0.00350305,-0.00356029,-0.0036145,-0.00366585,-0.00371448,-0.00376053,-0.00380414,-0.00384544,-0.00388453,-0.00392154,-0.00395657,-0.00398971,-0.00402107,-0.00405072,-0.00407876,-0.00410526,-0.00413031,-0.00415397,-0.00417631,-0.0041974,-0.00421729,-0.00423606,-0.00425375,-0.00427042,-0.00428612,-0.00430089,-0.00431479,-0.00432785,-0.00434012,-0.00435163,-0.00436243,-0.00437255,-0.00438202,-0.00439087,-0.00439913,-0.00440683,-0.004414,-0.00442067,-0.00442684,-0.00443255,-0.00443782,-0.00444267,-0.0044471,-0.00445115,-0.00445481,-0.00445812,-0.00446107,-0.00446369,-0.00446597,-0.00446793,-0.00446958,-0.00447092,-0.00447196,-0.00447269,-0.00447313,-0.00447328,-0.00447313,-0.00447269,-0.00447196,-0.00447092,-0.00446958,-0.00446793,-0.00446597,-0.00446369,-0.00446107,-0.00445812,-0.00445481,-0.00445115,-0.0044471,-0.00444267,-0.00443782,-0.00443255,-0.00442684,-0.00442067,-0.004414,-0.00440683,-0.00439913,-0.00439087,-0.00438202,-0.00437255,-0.00436243,-0.00435163,-0.00434012,-0.00432785,-0.00431479,-0.00430089,-0.00428612,-0.00427042,-0.00425375,-0.00423606,-0.00421729,-0.0041974,-0.00417631,-0.00415397,-0.00413031,-0.00410526,-0.00407876,-0.00405072,-0.00402107,-0.00398971,-0.00395657,-0.00392154,-0.00388453,-0.00384544,-0.00380414,-0.00376053,-0.00371448,-0.00366585,-0.0036145,-0.00356029,-0.00350305,-0.00344261,-0.00337878,-0.00331137,-0.00324015,-0.00316489,-0.00308534,-0.00300122,-0.00291221,-0.002818,-0.00271819,-0.00261237,-0.00250007,-0.00238076,-0.00225381,-0.00211854,-0.00197412,-0.00181956,-0.00165371,-0.00147516,-0.00128215,-0.00107251,-0.000843474,-0.000591513,-0.000312176,0
0,-0.000367168,-0.000700281,-0.00100394,-0.00128215,-0.00153827,-0.00177505,-0.0019948,-0.00219939,-0.0023904,-0.00256915,-0.00273676,-0.00289419,-0.00304228,-0.00318175,-0.00331324,-0.00343731,-0.00355449,-0.00366521,-0.00376989,-0.00386891,-0.00396261,-0.0040513,-0.00413526,-0.00421477,-0.00429008,-0.0043614,-0.00442896,-0.00449295,-0.00455356,-0.00461097,-0.00466534,-0.00471683,-0.00476557,-0.00481172,-0.0048554,-0.00489673,-0.00493584,-0.00497282,-0.0050078,-0.00504086,-0.0050721,-0.00510161,-0.00512948,-0.00515579,-0.00518061,-0.00520403,-0.0052261,-0.0052469,-0.00526648,-0.00528492,-0.00530226,-0.00531856,-0.00533387,-0.00534823,-0.00536171,-0.00537433,-0.00538615,-0.00539719,-0.00540751,-0.00541712,-0.00542607,-0.00543438,-0.00544209,-0.00544922,-0.0054558,-0.00546184,-0.00546738,-0.00547242,-0.005477,-0.00548113,-0.00548481,-0.00548808,-0.00549093,-0.00549338,-0.00549543,-0.0054971,-0.0054984,-0.00549932,-0.00549987,-0.00550005,-0.00549987,-0.00549932,-0.0054984,-0.0054971,-0.00549543,-0.00549338,-0.00549093,-0.00548808,-0.00548481,-0.00548113,-0.005477,-0.00547242,-0.00546738,-0.00546184,-0.0054558,-0.00544922,-0.00544209,-0.00543438,-0.00542607,-0.00541712,-0.00540751,-0.00539719,-0.00538615,-0.00537433,-0.00536171,-0.00534823,-0.00533387,-0.00531856,-0.00530226,-0.00528492,-0.00526648,-0.0052469,-0.0052261,-0.00520403,-0.00518061,-0.00515579,-0.00512948,-0.00510161,-0.0050721,-0.00504086,-0.0050078,-0.00497282,-0.00493584,-0.00489673,-0.0048554,-0.00481172,-0.00476557,-0.00471683,-0.00466534,-0.00461097,-0.00455356,-0.00449295,-0.00442896,-0.0043614,-0.00429008,-0.00421477,-0.00413526,-0.0040513,-0.00396261,-0.00386891,-0.00376989,-0.00366521,-0.00355449,-0.00343731,-0.00331324,-0.00318175,-0.00304228,-0.00289419,-0.00273676,-0.00256915,-0.0023904,-0.00219939,-0.0019948,-0.00177505,-0.00153827,-0.00128215,-0.00100394,-0.000700281,-0.000367168,0
0,-0.000417235,-0.0007996,-0.00115105,-0.00147516,-0.00177505,-0.00205342,-0.00231255,-0.0025544,-0.00278062,-0.00299265,-0.00319172,-0.00337889,-0.0035551,-0.00372117,-0.00387784,-0.00402576,-0.0041655,-0.00429761,-0.00442255,-0.00454077,-0.00465267,-0.00475861,-0.00485893,-0.00495394,-0.00504394,-0.0051292,-0.00520997,-0.00528649,-0.00535897,-0.00542764,-0.00549267,-0.00555426,-0.00561258,-0.00566779,-0.00572005,-0.00576951,-0.00581631,-0.00586057,-0.00590243,-0.005942,-0.00597939,-0.00601472,-0.00604808,-0.00607958,-0.0061093,-0.00613733,-0.00616375,-0.00618866,-0.00621211,-0.00623418,-0.00625494,-0.00627446,-0.00629279,-0.00631,-0.00632613,-0.00634125,-0.0063554,-0.00636863,-0.00638098,-0.0063925,-0.00640321,-0.00641317,-0.0064224,-0.00643094,-0.00643882,-0.00644606,-0.00645269,-0.00645873,-0.00646422,-0.00646916,-0.00647357,-0.00647748,-0.0064809,-0.00648383,-0.00648629,-0.00648829,-0.00648984,-0.00649095,-0.00649161,-0.00649183,-0.00649161,-0.00649095,-0.00648984,-0.00648829,-0.00648629,-0.00648383,-0.0064809,-0.00647748,-0.00647357,-0.00646916,-0.00646422,-0.00645873,-0.00645269,-0.00644606,-0.00643882,-0.00643094,-0.0064224,-0.00641317,-0.00640321,-0.0063925,-0.00638098,-0.00636863,-0.0063554,-0.00634125,-0.00632613,-0.00631,-0.00629279,-0.00627446,-0.00625494,-0.00623418,-0.00621211,-0.00618866,-0.00616375,-0.00613733,-0.0061093,-0.00607958,-0.00604808,-0.00601472,-0.00597939,-0.005942,-0.00590243,-0.00586057,-0.00581631,-0.00576951,-0.00572005,-0.00566779,-0.00561258,-0.00555426,-0.00549267,-0.00542764,-0.00535897,-0.00528649,-0.00520997,-0.0051292,-0.00504394,-0.00495394,-0.00485893,-0.00475861,-0.00465267,-0.00454077,-0.00442255,-0.00429761,-0.0041655,-0.00402576,-0.00387784,-0.00372117,-0.0035551,-0.00337889,-0.00319172,-0.00299265,-0.00278062,-0.0025544,-0.00231255,-0.00205342,-0.00177505,-0.00147516,-0.00115105,-0.0007996,-0.000417235,0
0,-0.000463211,-0.000890968,-0.00128673,-0.00165371,-0.0019948,-0.00231255,-0.00260921,-0.00288675,-0.00314686,-0.00339103,-0.00362058,-0.00383665,-0.00404026,-0.0042323,-0.00441359,-0.00458485,-0.00474673,-0.00489983,-0.00504469,-0.00518179,-0.0053116,-0.00543454,-0.00555098,-0.00566129,-0.0057658,-0.00586483,-0.00595865,-0.00604755,-0.00613177,-0.00621156,-0.00628714,-0.00635873,-0.00642653,-0.00649072,-0.00655149,-0.006609,-0.00666342,-0.00671489,-0.00676358,-0.0068096,-0.0068531,-0.00689419,-0.006933,-0.00696964,-0.00700422,-0.00703683,-0.00706758,-0.00709655,-0.00712384,-0.00714953,-0.00717369,-0.0071964,-0.00721774,-0.00723776,-0.00725654,-0.00727414,-0.00729061,-0.007306,-0.00732038,-0.00733378,-0.00734626,-0.00735785,-0.00736859,-0.00737853,-0.0073877,-0.00739613,-0.00740385,-0.00741089,-0.00741727,-0.00742302,-0.00742816,-0.00743271,-0.00743669,-0.0074401,-0.00744297,-0.0074453,-0.0074471,-0.00744839,-0.00744916,-0.00744941,-0.00744916,-0.00744839,-0.0074471,-0.0074453,-0.00744297,-0.0074401,-0.00743669,-0.00743271,-0.00742816,-0.00742302,-0.00741727,-0.00741089,-0.00740385,-0.00739613,-0.0073877,-0.00737853,-0.00736859,-0.00735785,-0.00734626,-0.00733378,-0.00732038,-0.007306,-0.00729061,-0.00727414,-0.00725654,-0.00723776,-0.00721774,-0.0071964,-0.00717369,-0.00714953,-0.00712384,-0.00709655,-0.00706758,-0.00703683,-0.00700422,-0.00696964,-0.006933,-0.00689419,-0.0068531,-0.0068096,-0.00676358,-0.00671489,-0.00666342,-0.006609,-0.00655149,-0.00649072,-0.00642653,-0.00635873,-0.00628714,-0.00621156,-0.00613177,-0.00604755,-0.00595865,-0.00586483,-0.0057658,-0.00566129,-0.00555098,-0.00543454,-0.0053116,-0.00518179,-0.00504469,-0.00489983,-0.00474673,-0.00458485,-0.00441359,-0.0042323,-0.00404026,-0.00383665,-0.00362058,-0.00339103,-0.00314686,-0.00288675,-0.00260921,-0.00231255,-0.0019948,-0.00165371,-0.00128673,-0.000890968,-0.000463211,0
0,-0.000505692,-0.000975495,-0.00141249,-0.00181956,-0.00219939,-0.0025544,-0.00288675,-0.00319837,-0.00349099,-0.00376612,-0.00402511,-0.00426918,-0.00449938,-0.0047167,-0.00492199,-0.00511604,-0.00529958,-0.00547323,-0.00563761,-0.00579325,-0.00594066,-0.0060803,-0.00621261,-0.00633798,-0.00645678,-0.00656937,-0.00667607,-0.00677718,-0.00687299,-0.00696377,-0.00704978,-0.00713125,-0.00720841,-0.00728148,-0.00735065,-0.00741613,-0.00747809,-0.00753671,-0.00759215,-0.00764456,-0.00769411,-0.00774091,-0.00778512,-0.00782686,-0.00786625,-0.00790341,-0.00793844,-0.00797145,-0.00800254,-0.00803181,-0.00805934,-0.00808522,-0.00810954,-0.00813236,-0.00815376,-0.00817382,-0.00819259,-0.00821013,-0.00822652,-0.0082418,-0.00825601,-0.00826923,-0.00828148,-0.00829281,-0.00830326,-0.00831286,-0.00832166,-0.00832969,-0.00833697,-0.00834352,-0.00834938,-0.00835457,-0.0083591,-0.00836299,-0.00836626,-0.00836892,-0.00837098,-0.00837244,-0.00837332,-0.00837361,-0.00837332,-0.00837244,-0.00837098,-0.00836892,-0.00836626,-0.00836299,-0.0083591,-0.00835457,-0.00834938,-0.00834352,-0.00833697,-0.00832969,-0.00832166,-0.00831286,-0.00830326,-0.00829281,-0.00828148,-0.00826923,-0.00825601,-0.0082418,-0.00822652,-0.00821013,-0.00819259,-0.00817382,-0.00815376,-0.00813236,-0.00810954,-0.00808522,-0.00805934,-0.00803181,-0.00800254,-0.00797145,-0.00793844,-0.00790341,-0.00786625,-0.00782686,-0.00778512,-0.00774091,-0.00769411,-0.00764456,-0.00759215,-0.00753671,-0.00747809,-0.00741613,-0.00735065,-0.00728148,-0.00720841,-0.00713125,-0.00704978,-0.00696377,-0.00687299,-0.00677718,-0.00667607,-0.00656937,-0.00645678,-0.00633798,-0.00621261,-0.0060803,-0.00594066,-0.00579325,-0.00563761,-0.00547323,-0.00529958,-0.00511604,-0.00492199,-0.0047167,-0.00449938,-0.00426918,-0.00402511,-0.00376612,-0.00349099,-0.00319837,-0.00288675,-0.0025544,-0.00219939,-0.00181956,-0.00141249,-0.000975495,-0.000505692,0
0,-0.000545131,-0.00105404,-0.00152948,-0.00197412,-0.0023904,-0.00278062,-0.00314686,-0.00349099,-0.00381472,-0.00411958,-0.00440694,-0.00467805,-0.00493402,-0.00517586,-0.00540449,-0.00562075,-0.0058254,-0.00601914,-0.0062026,-0.0063764,-0.00654105,-0.00669709,-0.00684497,-0.00698513,-0.00711799,-0.00724392,-0.00736329,-0.00747643,-0.00758366,-0.00768527,-0.00778156,-0.00787278,-0.00795919,-0.00804102,-0.0081185,-0.00819185,-0.00826126,-0.00832693,-0.00838905,-0.00844779,-0.00850331,-0.00855577,-0.00860532,-0.0086521,-0.00869625,-0.00873791,-0.00877718,-0.00881419,-0.00884905,-0.00888187,-0.00891274,-0.00894176,-0.00896902,-0.00899462,-0.00901862,-0.00904111,-0.00906216,-0.00908184,-0.00910022,-0.00911735,-0.0091333,-0.00914812,-0.00916186,-0.00917457,-0.00918629,-0.00919707,-0.00920694,-0.00921595,-0.00922411,-0.00923147,-0.00923804,-0.00924386,-0.00924894,-0.00925331,-0.00925698,-0.00925996,-0.00926227,-0.00926391,-0.00926489,-0.00926522,-0.00926489,-0.00926391,-0.00926227,-0.00925996,-0.00925698,-0.00925331,-0.00924894,-0.00924386,-0.00923804,-0.00923147,-0.00922411,-0.00921595,-0.00920694,-0.00919707,-0.00918629,-0.00917457,-0.00916186,-0.00914812,-0.0091333,-0.00911735,-0.00910022,-0.00908184,-0.00906216,-0.00904111,-0.00901862,-0.00899462,-0.00896902,-0.00894176,-0.00891274,-0.00888187,-0.00884905,-0.00881419,-0.00877718,-0.00873791,-0.00869625,-0.0086521,-0.00860532,-0.00855577,-0.00850331,-0.00844779,-0.00838905,-0.00832693,-0.00826126,-0.00819185,-0.0081185,-0.00804102,-0.00795919,-0.00787278,-0.00778156,-0.00768527,-0.00758366,-0.00747643,-0.00736329,-0.00724392,-0.00711799,-0.00698513,-0.00684497,-0.00669709,-0.00654105,-0.0063764,-0.0062026,-0.00601914,-0.0058254,-0.00562075,-0.00540449,-0.00517586,-0.00493402,-0.00467805,-0.00440694,-0.00411958,-0.00381472,-0.00349099,-0.00314686,-0.00278062,-0.0023904,-0.00197412,-0.00152948,-0.00105404,-0.000545131,0
0,-0.000581881,-0.00112727,-0.00163868,-0.00211854,-0.00256915,-0.00299265,-0.00339103,-0.00376612,-0.00411958,-0.00445293,-0.00476757,-0.00506474,-0.0053456,-0.00561119,-0.00586246,-0.0061003,-0.0063255,-0.00653881,-0.00674091,-0.00693244,-0.00711396,-0.00728604,-0.00744918,-0.00760386,-0.0077505,-0.00788954,-0.00802136,-0.00814633,-0.00826479,-0.00837707,-0.00848347,-0.00858429,-0.00867981,-0.00877028,-0.00885596,-0.00893706,-0.00901383,-0.00908647,-0.00915519,-0.00922016,-0.00928159,-0.00933963,-0.00939446,-0.00944623,-0.00949509,-0.00954119,-0.00958465,-0.00962562,-0.00966421,-0.00970053,-0.00973471,-0.00976684,-0.00979703,-0.00982536,-0.00985194,-0.00987684,-0.00990015,-0.00992194,-0.00994229,-0.00996127,-0.00997893,-0.00999534,-0.0100106,-0.0100246,-0.0100376,-0.0100496,-0.0100605,-0.0100705,-0.0100795,-0.0100876,-0.0100949,-0.0101014,-0.010107,-0.0101118,-0.0101159,-0.0101192,-0.0101218,-0.0101236,-0.0101247,-0.010125,-0.0101247,-0.0101236,-0.0101218,-0.0101192,-0.0101159,-0.0101118,-0.010107,-0.0101014,-0.0100949,-0.0100876,-0.0100795,-0.0100705,-0.0100605,-0.0100496,-0.0100376,-0.0100246,-0.0100106,-0.00999534,-0.00997893,-0.00996127,-0.00994229,-0.00992194,-0.00990015,-0.00987684,-0.00985194,-0.00982536,-0.00979703,-0.00976684,-0.00973471,-0.00970053,-0.00966421,-0.00962562,-0.00958465,-0.00954119,-0.00949509,-0.00944623,-0.00939446,-0.00933963,-0.00928159,-0.00922016,-0.00915519,-0.00908647,-0.00901383,-0.00893706,-0.00885596,-0.00877028,-0.00867981,-0.00858429,-0.00848347,-0.00837707,-0.00826479,-0.00814633,-0.00802136,-0.00788954,-0.0077505,-0.00760386,-0.00744918,-0.00728604,-0.00711396,-0.00693244,-0.00674091,-0.00653881,-0.0063255,-0.0061003,-0.00586246,-0.00561119,-0.0053456,-0.00506474,-0.00476757,-0.00445293,-0.00411958,-0.00376612,-0.00339103,-0.00299265,-0.00256915,-0.00211854,-0.00163868,-0.00112727,-0.000581881,0
0,-0.000616225,-0.00119574,-0.00174085,-0.00225381,-0.00273676,-0.00319172,-0.00362058,-0.00402511,-0.00440694,-0.00476757,-0.00510837,-0.00543062,-0.00573547,-0.00602401,-0.0062972,-0.00655597,-0.00680113,-0.00703348,-0.00725373,-0.00746254,-0.00766054,-0.0078483,-0.00802636,-0.00819523,-0.00835539,-0.00850727,-0.00865131,-0.00878788,-0.00891737,-0.00904013,-0.00915648,-0.00926675,-0.00937123,-0.00947021,-0.00956394,-0.0096527,-0.00973671,-0.00981622,-0.00989143,-0.00996257,-0.0100298,-0.0100934,-0.0101534,-0.0102101,-0.0102636,-0.0103141,-0.0103617,-0.0104066,-0.0104488,-0.0104886,-0.0105261,-0.0105613,-0.0105944,-0.0106254,-0.0106545,-0.0106818,-0.0107074,-0.0107312,-0.0107535,-0.0107743,-0.0107937,-0.0108117,-0.0108284,-0.0108438,-0.010858,-0.0108711,-0.0108831,-0.010894,-0.0109039,-0.0109129,-0.0109209,-0.0109279,-0.0109341,-0.0109394,-0.0109438,-0.0109475,-0.0109503,-0.0109523,-0.0109535,-0.0109539,-0.0109535,-0.0109523,-0.0109503,-0.0109475,-0.0109438,-0.0109394,-0.0109341,-0.0109279,-0.0109209,-0.0109129,-0.0109039,-0.010894,-0.0108831,-0.0108711,-0.010858,-0.0108438,-0.0108284,-0.0108117,-0.0107937,-0.0107743,-0.0107535,-0.0107312,-0.0107074,-0.0106818,-0.0106545,-0.0106254,-0.0105944,-0.0105613,-0.0105261,-0.0104886,-0.0104488,-0.0104066,-0.0103617,-0.0103141,-0.0102636,-0.0102101,-0.0101534,-0.0100934,-0.0100298,-0.00996257,-0.00989143,-0.00981622,-0.00973671,-0.0096527,-0.00956394,-0.00947021,-0.00937123,-0.00926675,-0.00915648,-0.00904013,-0.00891737,-0.00878788,-0.00865131,-0.00850727,-0.00835539,-0.00819523,-0.00802636,-0.0078483,-0.00766054,-0.00746254,-0.00725373,-0.00703348,-0.00680113,-0.00655597,-0.0062972,-0.00602401,-0.00573547,-0.00543062,-0.00510837,-0.00476757,-0.00440694,-0.00402511,-0.00362058,-0.00319172,-0.00273676,-0.00225381,-0.00174085,-0.00119574,-0.000616225,0
0,-0.000648399,-0.00125991,-0.00183666,-0.00238076,-0.00289419,-0.00337889,-0.00383665,-0.00426918,-0.00467805,-0.00506474,-0.00543062,-0.00577695,-0.00610491,-0.00641557,-0.00670994,-0.00698896,-0.00725348,-0.00750431,-0.0077422,-0.00796784,-0.00818188,-0.00838493,-0.00857757,-0.00876032,-0.00893368,-0.00909814,-0.00925413,-0.00940208,-0.00954239,-0.00967542,-0.00980154,-0.00992109,-0.0100344,-0.0101417,-0.0102434,-0.0103396,-0.0104308,-0.0105171,-0.0105987,-0.0106759,-0.0107489,-0.0108178,-0.010883,-0.0109446,-0.0110027,-0.0110575,-0.0111092,-0.0111579,-0.0112038,-0.011247,-0.0112877,-0.0113259,-0.0113618,-0.0113956,-0.0114272,-0.0114569,-0.0114846,-0.0115105,-0.0115348,-0.0115574,-0.0115784,-0.011598,-0.0116161,-0.0116328,-0.0116483,-0.0116625,-0.0116756,-0.0116874,-0.0116982,-0.0117079,-0.0117166,-0.0117243,-0.011731,-0.0117367,-0.0117416,-0.0117455,-0.0117486,-0.0117507,-0.011752,-0.0117525,-0.011752,-0.0117507,-0.0117486,-0.0117455,-0.0117416,-0.0117367,-0.011731,-0.0117243,-0.0117166,-0.0117079,-0.0116982,-0.0116874,-0.0116756,-0.0116625,-0.0116483,-0.0116328,-0.0116161,-0.011598,-0.0115784,-0.0115574,-0.0115348,-0.0115105,-0.0114846,-0.0114569,-0.0114272,-0.0113956,-0.0113618,-0.0113259,-0.0112877,-0.011247,-0.0112038,-0.0111579,-0.0111092,-0.0110575,-0.0110027,-0.0109446,-0.010883,-0.0108178,-0.0107489,-0.0106759,-0.0105987,-0.0105171,-0.0104308,-0.0103396,-0.0102434,-0.0101417,-0.0100344,-0.00992109,-0.00980154,-0.00967542,-0.00954239,-0.00940208,-0.00925413,-0.00909814,-0.00893368,-0.00876032,-0.00857757,-0.00838493,-0.00818188,-0.00796784,-0.0077422,-0.00750431,-0.00725348,-0.00698896,-0.00670994,-0.00641557,-0.00610491,-0.00577695,-0.00543062,-0.00506474,-0.00467805,-0.00426918,-0.00383665,-0.00337889,-0.00289419,-0.00238076,-0.00183666,-0.00125991,-0.000648399,0
0,-0.000678596,-0.00132015,-0.00192666,-0.00250007,-0.00304228,-0.0035551,-0.00404026,-0.00449938,-0.00493402,-0.0053456,-0.00573547,-0.00610491,-0.00645506,-0.00678703,-0.00710184,-0.00740043,-0.00768368,-0.00795242,-0.00820743,-0.00844942,-0.00867907,-0.00889701,-0.00910384,-0.00930013,-0.00948639,-0.00966313,-0.00983082,-0.0099899,-0.0101408,-0.0102839,-0.0104196,-0.0105482,-0.0106702,-0.0107857,-0.0108951,-0.0109988,-0.011097,-0.0111899,-0.0112778,-0.0113609,-0.0114396,-0.0115139,-0.0115841,-0.0116504,-0.0117131,-0.0117721,-0.0118279,-0.0118804,-0.0119299,-0.0119765,-0.0120203,-0.0120615,-0.0121003,-0.0121366,-0.0121708,-0.0122027,-0.0122327,-0.0122607,-0.0122868,-0.0123112,-0.0123338,-0.0123549,-0.0123745,-0.0123926,-0.0124092,-0.0124246,-0.0124386,-0.0124515,-0.0124631,-0.0124735,-0.0124829,-0.0124912,-0.0124984,-0.0125047,-0.0125099,-0.0125141,-0.0125174,-0.0125197,-0.0125211,-0.0125216,-0.0125211,-0.0125197,-0.0125174,-0.0125141,-0.0125099,-0.0125047,-0.0124984,-0.0124912,-0.0124829,-0.0124735,-0.0124631,-0.0124515,-0.0124386,-0.0124246,-0.0124092,-0.0123926,-0.0123745,-0.0123549,-0.0123338,-0.0123112,-0.0122868,-0.0122607,-0.0122327,-0.0122027,-0.0121708,-0.0121366,-0.0121003,-0.0120615,-0.0120203,-0.0119765,-0.0119299,-0.0118804,-0.0118279,-0.0117721,-0.0117131,-0.0116504,-0.0115841,-0.0115139,-0.0114396,-0.0113609,-0.0112778,-0.0111899,-0.011097,-0.0109988,-0.0108951,-0.0107857,-0.0106702,-0.0105482,-0.0104196,-0.0102839,-0.0101408,-0.0099899,-0.00983082,-0.00966313,-0.00948639,-0.00930013,-0.00910384,-0.00889701,-0.00867907,-0.00844942,-0.00820743,-0.00795242,-0.00768368,-0.00740043,-0.00710184,-0.00678703,-0.00645506,-0.00610491,-0.00573547,-0.0053456,-0.00493402,-0.00449938,-0.00404026,-0.0035551,-0.00304228,-0.00250007,-0.00192666,-0.00132015,-0.000678596,0
0,-0.000706986,-0.0013768,-0.00201132,-0.00261237,-0.00318175,-0.00372117,-0.0042323,-0.0047167,-0.00517586,-0.00561119,-0.00602401,-0.00641557,-0.00678703,-0.0071395,-0.00747398,-0.00779145,-0.0080928,-0.00837888,-0.00865047,-0.00890832,-0.00915312,-0.00938554,-0.00960619,-0.00981566,-0.0100145,-0.0102032,-0.0103823,-0.0105523,-0.0107135,-0.0108665,-0.0110115,-0.0111491,-0.0112795,-0.011403,-0.0115201,-0.011631,-0.0117361,-0.0118355,-0.0119296,-0.0120186,-0.0121028,-0.0121824,-0.0122576,-0.0123286,-0.0123956,-0.0124589,-0.0125186,-0.0125749,-0.0126279,-0.0126778,-0.0127248,-0.012769,-0.0128105,-0.0128494,-0.012886,-0.0129203,-0.0129523,-0.0129823,-0.0130104,-0.0130365,-0.0130608,-0.0130834,-0.0131044,-0.0131237,-0.0131416,-0.0131581,-0.0131731,-0.0131869,-0.0131993,-0.0132106,-0.0132206,-0.0132295,-0.0132373,-0.0132439,-0.0132495,-0.0132541,-0.0132576,-0.0132601,-0.0132616,-0.0132621,-0.0132616,-0.0132601,-0.0132576,-0.0132541,-0.0132495,-0.0132439,-0.0132373,-0.0132295,-0.0132206,-0.0132106,-0.0131993,-0.0131869,-0.0131731,-0.0131581,-0.0131416,-0.0131237,-0.0131044,-0.0130834,-0.0130608,-0.0130365,-0.0130104,-0.0129823,-0.0129523,-0.0129203,-0.012886,-0.0128494,-0.0128105,-0.012769,-0.0127248,-0.0126778,-0.0126279,-0.0125749,-0.0125186,-0.0124589,-0.0123956,-0.0123286,-0.0122576,-0.0121824,-0.0121028,-0.0120186,-0.0119296,-0.0118355,-0.0117361,-0.011631,-0.0115201,-0.011403,-0.0112795,-0.0111491,-0.0110115,-0.0108665,-0.0107135,-0.0105523,-0.0103823,-0.0102032,-0.0100145,-0.00981566,-0.00960619,-0.00938554,-0.00915312,-0.00890832,-0.00865047,-0.00837888,-0.0080928,-0.00779145,-0.00747398,-0.0071395,-0.00678703,-0.00641557,-0.00602401,-0.00561119,-0.00517586,-0.0047167,-0.0042323,-0.00372117,-0.00318175,-0.00261237,-0.00201132,-0.0013768,-0.000706986,0
0,-0.000733712,-0.00143014,-0.00209106,-0.00271819,-0.00331324,-0.00387784,-0.00441359,-0.00492199,-0.00540449,-0.00586246,-0.0062972,-0.00670994,-0.00710184,-0.00747398,-0.0078274,-0.00816306,-0.00848188,-0.0087847,-0.00907233,-0.00934554,-0.00960504,-0.0098515,-0.0100856,-0.0103079,-0.0105189,-0.0107193,-0.0109096,-0.0110901,-0.0112615,-0.011424,-0.0115783,-0.0117245,-0.0118632,-0.0119946,-0.0121192,-0.0122372,-0.012349,-0.0124548,-0.012555,-0.0126497,-0.0127393,-0.0128241,-0.0129041,-0.0129798,-0.0130512,-0.0131186,-0.0131822,-0.0132422,-0.0132986,-0.0133518,-0.0134019,-0.013449,-0.0134932,-0.0135347,-0.0135737,-0.0136102,-0.0136444,-0.0136764,-0.0137063,-0.0137341,-0.01376,-0.0137841,-0.0138065,-0.0138271,-0.0138462,-0.0138638,-0.0138798,-0.0138945,-0.0139078,-0.0139197,-0.0139304,-0.0139399,-0.0139482,-0.0139553,-0.0139613,-0.0139661,-0.0139699,-0.0139726,-0.0139742,-0.0139747,-0.0139742,-0.0139726,-0.0139699,-0.0139661,-0.0139613,-0.0139553,-0.0139482,-0.0139399,-0.0139304,-0.0139197,-0.0139078,-0.0138945,-0.0138798,-0.0138638,-0.0138462,-0.0138271,-0.0138065,-0.0137841,-0.01376,-0.0137341,-0.0137063,-0.0136764,-0.0136444,-0.0136102,-0.0135737,-0.0135347,-0.0134932,-0.013449,-0.0134019,-0.0133518,-0.0132986,-0.0132422,-0.0131822,-0.0131186,-0.0130512,-0.0129798,-0.0129041,-0.0128241,-0.0127393,-0.0126497,-0.012555,-0.0124548,-0.012349,-0.0122372,-0.0121192,-0.0119946,-0.0118632,-0.0117245,-0.0115783,-0.011424,-0.0112615,-0.0110901,-0.0109096,-0.0107193,-0.0105189,-0.0103079,-0.0100856,-0.0098515,-0.00960504,-0.00934554,-0.00907233,-0.0087847,-0.00848188,-0.00816306,-0.0078274,-0.00747398,-0.00710184,-0.00670994,-0.0062972,-0.00586246,-0.00540449,-0.00492199,-0.00441359,-0.00387784,-0.00331324,-0.00271819,-0.00209106,-0.00143014,-0.000733712,0
0,-0.000758899,-0.00148042,-0.00216624,-0.002818,-0.00343731,-0.00402576,-0.00458485,-0.00511604,-0.00562075,-0.0061003,-0.00655597,-0.00698896,-0.00740043,-0.00779145,-0.00816306,-0.00851623,-0.00885187,-0.00917084,-0.00947398,-0.00976204,-0.0100358,-0.0102959,-0.010543,-0.0107777,-0.0110007,-0.0112124,-0.0114135,-0.0116044,-0.0117856,-0.0119575,-0.0121207,-0.0122754,-0.0124222,-0.0125613,-0.0126932,-0.0128182,-0.0129365,-0.0130486,-0.0131547,-0.0132551,-0.0133501,-0.0134398,-0.0135247,-0.0136049,-0.0136806,-0.0137521,-0.0138195,-0.013883,-0.0139429,-0.0139993,-0.0140524,-0.0141023,-0.0141492,-0.0141933,-0.0142346,-0.0142734,-0.0143097,-0.0143436,-0.0143753,-0.0144048,-0.0144323,-0.0144579,-0.0144816,-0.0145035,-0.0145238,-0.0145424,-0.0145594,-0.014575,-0.0145891,-0.0146018,-0.0146132,-0.0146232,-0.014632,-0.0146396,-0.0146459,-0.0146511,-0.014655,-0.0146579,-0.0146596,-0.0146601,-0.0146596,-0.0146579,-0.014655,-0.0146511,-0.0146459,-0.0146396,-0.014632,-0.0146232,-0.0146132,-0.0146018,-0.0145891,-0.014575,-0.0145594,-0.0145424,-0.0145238,-0.0145035,-0.0144816,-0.0144579,-0.0144323,-0.0144048,-0.0143753,-0.0143436,-0.0143097,-0.0142734,-0.0142346,-0.0141933,-0.0141492,-0.0141023,-0.0140524,-0.0139993,-0.0139429,-0.013883,-0.0138195,-0.0137521,-0.0136806,-0.0136049,-0.0135247,-0.0134398,-0.0133501,-0.0132551,-0.0131547,-0.0130486,-0.0129365,-0.0128182,-0.0126932,-0.0125613,-0.0124222,-0.0122754,-0.0121207,-0.0119575,-0.0117856,-0.0116044,-0.0114135,-0.0112124,-0.0110007,-0.0107777,-0.010543,-0.0102959,-0.0100358,-0.00976204,-0.00947398,-0.00917084,-0.00885187,-0.00851623,-0.00816306,-0.00779145,-0.00740043,-0.00698896,-0.00655597,-0.0061003,-0.00562075,-0.00511604,-0.00458485,-0.00402576,-0.00343731,-0.002818,-0.00216624,-0.00148042,-0.000758899,0
0,-0.000782659,-0.00152786,-0.00223719,-0.00291221,-0.00355449,-0.0041655,-0.00474673,-0.00529958,-0.0058254,-0.0063255,-0.00680113,-0.00725348,-0.00768368,-0.0080928,-0.00848188,-0.00885187,-0.0092037,-0.00953825,-0.00985633,-0.0101587,-0.0104462,-0.0107195,-0.0109792,-0.011226,-0.0114605,-0.0116833,-0.0118949,-0.0120959,-0.0122866,-0.0124677,-0.0126396,-0.0128026,-0.0129573,-0.013104,-0.013243,-0.0133747,-0.0134995,-0.0136177,-0.0137296,-0.0138356,-0.0139357,-0.0140305,-0.01412,-0.0142047,-0.0142846,-0.01436,-0.0144312,-0.0144983,-0.0145615,-0.0146211,-0.0146771,-0.0147298,-0.0147794,-0.0148259,-0.0148696,-0.0149105,-0.0149488,-0.0149847,-0.0150182,-0.0150494,-0.0150784,-0.0151055,-0.0151305,-0.0151537,-0.0151751,-0.0151948,-0.0152128,-0.0152292,-0.0152441,-0.0152575,-0.0152695,-0.0152802,-0.0152895,-0.0152974,-0.0153041,-0.0153096,-0.0153138,-0.0153168,-0.0153186,-0.0153192,-0.0153186,-0.0153168,-0.0153138,-0.0153096,-0.0153041,-0.0152974,-0.0152895,-0.0152802,-0.0152695,-0.0152575,-0.0152441,-0.0152292,-0.0152128,-0.0151948,-0.0151751,-0.0151537,-0.0151305,-0.0151055,-0.0150784,-0.0150494,-0.0150182,-0.0149847,-0.0149488,-0.0149105,-0.0148696,-0.0148259,-0.0147794,-0.0147298,-0.0146771,-0.0146211,-0.0145615,-0.0144983,-0.0144312,-0.01436,-0.0142846,-0.0142047,-0.01412,-0.0140305,-0.0139357,-0.0138356,-0.0137296,-0.0136177,-0.0134995,-0.0133747,-0.013243,-0.013104,-0.0129573,-0.0128026,-0.0126396,-0.0124677,-0.0122866,-0.0120959,-0.0118949,-0.0116833,-0.0114605,-0.011226,-0.0109792,-0.0107195,-0.0104462,-0.0101587,-0.00985633,-0.00953825,-0.0092037,-0.00885187,-0.00848188,-0.0080928,-0.00768368,-0.00725348,-0.00680113,-0.0063255,-0.0058254,-0.00529958,-0.00474673,-0.0041655,-0.00355449,-0.00291221,-0.00223719,-0.00152786,-0.000782659,0
0,-0.000805091,-0.00157265,-0.00230419,-0.00300122,-0.00366521,-0.00429761,-0.00489983,-0.00547323,-0.00601914,-0.00653881,-0.00703348,-0.00750431,-0.00795242,-0.00837888,-0.0087847,-0.00917084,-0.00953825,-0.00988778,-0.0102203,-0.0105365,-0.0108373,-0.0111233,-0.0113953,-0.0116538,-0.0118995,-0.0121329,-0.0123548,-0.0125655,-0.0127656,-0.0129556,-0.0131359,-0.013307,-0.0134694,-0.0136234,-0.0137693,-0.0139077,-0.0140388,-0.014163,-0.0142806,-0.0143919,-0.0144972,-0.0145968,-0.0146909,-0.0147799,-0.0148639,-0.0149432,-0.0150181,-0.0150886,-0.0151552,-0.0152178,-0.0152768,-0.0153323,-0.0153844,-0.0154334,-0.0154793,-0.0155224,-0.0155627,-0.0156004,-0.0156357,-0.0156685,-0.0156991,-0.0157276,-0.0157539,-0.0157783,-0.0158009,-0.0158216,-0.0158405,-0.0158578,-0.0158735,-0.0158877,-0.0159003,-0.0159115,-0.0159213,-0.0159297,-0.0159367,-0.0159425,-0.0159469,-0.0159501,-0.015952,-0.0159526,-0.015952,-0.0159501,-0.0159469,-0.0159425,-0.0159367,-0.0159297,-0.0159213,-0.0159115,-0.0159003,-0.0158877,-0.0158735,-0.0158578,-0.0158405,-0.0158216,-0.0158009,-0.0157783,-0.0157539,-0.0157276,-0.0156991,-0.0156685,-0.0156357,-0.0156004,-0.0155627,-0.0155224,-0.0154793,-0.0154334,-0.0153844,-0.0153323,-0.0152768,-0.0152178,-0.0151552,-0.0150886,-0.0150181,-0.0149432,-0.0148639,-0.0147799,-0.0146909,-0.0145968,-0.0144972,-0.0143919,-0.0142806,-0.014163,-0.0140388,-0.0139077,-0.0137693,-0.0136234,-0.0134694,-0.013307,-0.0131359,-0.0129556,-0.0127656,-0.0125655,-0.0123548,-0.0121329,-0.0118995,-0.0116538,-0.0113953,-0.0111233,-0.0108373,-0.0105365,-0.0102203,-0.00988778,-0.00953825,-0.00917084,-0.0087847,-0.00837888,-0.00795242,-0.00750431,-0.00703348,-0.00653881,-0.00601914,-0.00547323,-0.00489983,-0.00429761,-0.00366521,-0.00300122,-0.00230419,-0.00157265,-0.000805091,0
0,-0.000826282,-0.00161496,-0.0023675,-0.00308534,-0.00376989,-0.00442255,-0.00504469,-0.00563761,-0.0062026,-0.00674091,-0.00725373,-0.0077422,-0.00820743,-0.00865047,-0.00907233,-0.00947398,-0.00985633,-0.0102203,-0.0105667,-0.0108963,-0.0112099,-0.0115082,-0.0117919,-0.0120617,-0.0123183,-0.0125621,-0.0127938,-0.013014,-0.0132232,-0.0134218,-0.0136104,-0.0137894,-0.0139592,-0.0141203,-0.0142731,-0.0144179,-0.0145552,-0.0146852,-0.0148083,-0.0149249,-0.0150352,-0.0151395,-0.0152381,-0.0153314,-0.0154194,-0.0155025,-0.015581,-0.0156549,-0.0157247,-0.0157903,-0.0158522,-0.0159103,-0.015965,-0.0160164,-0.0160645,-0.0161097,-0.016152,-0.0161916,-0.0162285,-0.016263,-0.0162951,-0.0163249,-0.0163526,-0.0163782,-0.0164018,-0.0164236,-0.0164435,-0.0164616,-0.0164781,-0.0164929,-0.0165062,-0.016518,-0.0165282,-0.016537,-0.0165444,-0.0165505,-0.0165551,-0.0165584,-0.0165604,-0.0165611,-0.0165604,-0.0165584,-0.0165551,-0.0165505,-0.0165444,-0.016537,-0.0165282,-0.016518,-0.0165062,-0.0164929,-0.0164781,-0.0164616,-0.0164435,-0.0164236,-0.0164018,-0.0163782,-0.0163526,-0.0163249,-0.0162951,-0.016263,-0.0162285,-0.0161916,-0.016152,-0.0161097,-0.0160645,-0.0160164,-0.015965,-0.0159103,-0.0158522,-0.0157903,-0.0157247,-0.0156549,-0.015581,-0.0155025,-0.0154194,-0.0153314,-0.0152381,-0.0151395,-0.0150352,-0.0149249,-0.0148083,-0.0146852,-0.0145552,-0.0144179,-0.0142731,-0.0141203,-0.0139592,-0.0137894,-0.0136104,-0.0134218,-0.0132232,-0.013014,-0.0127938,-0.0125621,-0.0123183,-0.0120617,-0.0117919,-0.0115082,-0.0112099,-0.0108963,-0.0105667,-0.0102203,-0.00985633,-0.00947398,-0.00907233,-0.00865047,-0.00820743,-0.0077422,-0.00725373,-0.00674091,-0.0062026,-0.00563761,-0.00504469,-0.00442255,-0.00376989,-0.00308534,-0.0023675,-0.00161496,-0.000826282,0
0,-0.000846312,-0.00165497,-0.00242736,-0.00316489,-0.00386891,-0.00454077,-0.00518179,-0.00579325,-0.0063764,-0.00693244,-0.00746254,-0.00796784,-0.00844942,-0.00890832,-0.00934554,-0.00976204,-0.0101587,-0.0105365,-0.0108963,-0.0112387,-0.0115647,-0.0118748,-0.01217,-0.0124507,-0.0127177,-0.0129716,-0.013213,-0.0134423,-0.0136603,-0.0138673,-0.0140638,-0.0142505,-0.0144276,-0.0145956,-0.014755,-0.0149061,-0.0150494,-0.0151851,-0.0153136,-0.0154353,-0.0155505,-0.0156594,-0.0157624,-0.0158598,-0.0159518,-0.0160386,-0.0161206,-0.0161979,-0.0162708,-0.0163394,-0.016404,-0.0164648,-0.016522,-0.0165757,-0.016626,-0.0166733,-0.0167175,-0.0167589,-0.0167975,-0.0168336,-0.0168671,-0.0168983,-0.0169273,-0.0169541,-0.0169788,-0.0170015,-0.0170223,-0.0170413,-0.0170585,-0.0170741,-0.017088,-0.0171002,-0.017111,-0.0171202,-0.017128,-0.0171343,-0.0171391,-0.0171426,-0.0171447,-0.0171454,-0.0171447,-0.0171426,-0.0171391,-0.0171343,-0.017128,-0.0171202,-0.017111,-0.0171002,-0.017088,-0.0170741,-0.0170585,-0.0170413,-0.0170223,-0.0170015,-0.0169788,-0.0169541,-0.0169273,-0.0168983,-0.0168671,-0.0168336,-0.0167975,-0.0167589,-0.0167175,-0.0166733,-0.016626,-0.0165757,-0.016522,-0.0164648,-0.016404,-0.0163394,-0.0162708,-0.0161979,-0.0161206,-0.0160386,-0.0159518,-0.0158598,-0.0157624,-0.0156594,-0.0155505,-0.0154353,-0.0153136,-0.0151851,-0.0150494,-0.0149061,-0.014755,-0.0145956,-0.0144276,-0.0142505,-0.0140638,-0.0138673,-0.0136603,-0.0134423,-0.013213,-0.0129716,-0.0127177,-0.0124507,-0.01217,-0.0118748,-0.0115647,-0.0112387,-0.0108963,-0.0105365,-0.0101587,-0.00976204,-0.00934554,-0.00890832,-0.00844942,-0.00796784,-0.00746254,-0.00693244,-0.0063764,-0.00579325,-0.00518179,-0.00454077,-0.00386891,-0.00316489,-0.00242736,-0.00165497,-0.000846312,0
0,-0.000865254,-0.0016928,-0.00248399,-0.00324015,-0.00396261,-0.00465267,-0.0053116,-0.00594066,-0.00654105,-0.00711396,-0.00766054,-0.00818188,-0.00867907,-0.00915312,-0.00960504,-0.0100358,-0.0104462,-0.0108373,-0.0112099,-0.0115647,-0.0119025,-0.0122241,-0.0125302,-0.0128215,-0.0130987,-0.0133622,-0.0136129,-0.0138511,-0.0140776,-0.0142927,-0.0144971,-0.0146911,-0.0148753,-0.0150501,-0.0152159,-0.0153731,-0.0155222,-0.0156634,-0.0157972,-0.0159239,-0.0160438,-0.0161573,-0.0162646,-0.016366,-0.0164618,-0.0165523,-0.0166377,-0.0167182,-0.0167942,-0.0168657,-0.0169331,-0.0169964,-0.017056,-0.017112,-0.0171645,-0.0172137,-0.0172599,-0.017303,-0.0173433,-0.0173809,-0.0174159,-0.0174485,-0.0174787,-0.0175066,-0.0175324,-0.0175561,-0.0175778,-0.0175976,-0.0176156,-0.0176318,-0.0176463,-0.0176591,-0.0176703,-0.0176799,-0.017688,-0.0176946,-0.0176997,-0.0177033,-0.0177055,-0.0177062,-0.0177055,-0.0177033,-0.0176997,-0.0176946,-0.017688,-0.0176799,-0.0176703,-0.0176591,-0.0176463,-0.0176318,-0.0176156,-0.0175976,-0.0175778,-0.0175561,-0.0175324,-0.0175066,-0.0174787,-0.0174485,-0.0174159,-0.0173809,-0.0173433,-0.017303,-0.0172599,-0.0172137,-0.0171645,-0.017112,-0.017056,-0.0169964,-0.0169331,-0.0168657,-0.0167942,-0.0167182,-0.0166377,-0.0165523,-0.0164618,-0.016366,-0.0162646,-0.0161573,-0.0160438,-0.0159239,-0.0157972,-0.0156634,-0.0155222,-0.0153731,-0.0152159,-0.0150501,-0.0148753,-0.0146911,-0.0144971,-0.0142927,-0.0140776,-0.0138511,-0.0136129,-0.0133622,-0.0130987,-0.0128215,-0.0125302,-0.0122241,-0.0119025,-0.0115647,-0.0112099,-0.0108373,-0.0104462,-0.0100358,-0.00960504,-0.00915312,-0.00867907,-0.00818188,-0.00766054,-0.00711396,-0.00654105,-0.00594066,-0.0053116,-0.00465267,-0.00396261,-0.00324015,-0.00248399,-0.0016928,-0.000865254,0
