1.89466e-27,0,0,0,0,0,0,0,0,0,0,0,0,0,0,0,0,0,0,0,0,0,0,0,0,0,0,0,0,0,0,0,0,0,0,0,0,0,0,0,0,0,0,0,0,0,0,0,0,0,0,0,0,0,0,0,0,0,0,0,0,0,0,0,0,0,0,0,0,0,0,0,0,0,0,0,0,0,0,0,0,0,0,0,0,0,0,0,0,0,0,0,0,0,0,0,0,0,0,0,0,0,0,0,0,0,0,0,0,0,0,0,0,0,0,0,0,0,0,0,0,0,0,0,0,0,0,0,0,0,0,0,0,0,0,0,0,0,0,0,0,0,0,0,0,0,0,0,0,0,0,0,0,0,0,0,0,0,0,0,0
0,-0.000119002,-0.000218473,-0.000306133,-0.000385614,-0.000458904,-0.000527229,-0.000591412,-0.000652044,-0.000709568,-0.000764329,-0.000816605,-0.000866619,-0.000914562,-0.000960592,-0.00100485,-0.00104744,-0.00108848,-0.00112806,-0.00116626,-0.00120315,-0.00123879,-0.00127325,-0.00130657,-0.00133882,-0.00137002,-0.00140023,-0.00142949,-0.00145781,-0.00148525,-0.00151182,-0.00153757,-0.0015625,-0.00158666,-0.00161005,-0.00163271,-0.00165466,-0.0016759,-0.00169646,-0.00171636,-0.00173562,-0.00175424,-0.00177224,-0.00178964,-0.00180645,-0.00182268,-0.00183835,-0.00185345,-0.00186801,-0.00188204,-0.00189553,-0.00190851,-0.00192098,-0.00193294,-0.00194441,-0.0019554,-0.0019659,-0.00197593,-0.00198549,-0.00199459,-0.00200323,-0.00201142,-0.00201916,-0.00202646,-0.00203332,-0.00203975,-0.00204574,-0.00205131,-0.00205645,-0.00206118,-0.00206548,-0.00206936,-0.00207283,-0.00207589,-0.00207854,-0.00208077,-0.0020826,-0.00208402,-0.00208504,-0.00208565,-0.00208585,-0.00208565,-0.00208504,-0.00208403,-0.00208261,-0.00208078,-0.00207854,-0.00207589,-0.00207284,-0.00206937,-0.00206548,-0.00206118,-0.00205646,-0.00205132,-0.00204575,-0.00203976,-0.00203333,-0.00202647,-0.00201917,-0.00201143,-0.00200324,-0.0019946,-0.00198551,-0.00197594,-0.00196592,-0.00195541,-0.00194443,-0.00193296,-0.00192099,-0.00190853,-0.00189555,-0.00188205,-0.00186803,-0.00185347,-0.00183836,-0.0018227,-0.00180647,-0.00178966,-0.00177226,-0.00175426,-0.00173564,-0.00171638,-0.00169648,-0.00167592,-0.00165467,-0.00163273,-0.00161007,-0.00158668,-0.00156252,-0.00153759,-0.00151184,-0.00148527,-0.00145783,-0.0014295,-0.00140025,-0.00137004,-0.00133883,-0.00130659,-0.00127326,-0.0012388,-0.00120316,-0.00116627,-0.00112808,-0.0010885,-0.00104745,-0.00100486,-0.000960604,-0.000914573,-0.00086663,-0.000816614,-0.000764338,-0.000709576,-0.000652051,-0.000591418,-0.000527234,-0.000458909,-0.000385618,-0.000306136,-0.000218475,-0.000119003,7.57864e-28
0,-0.000218473,-0.000409693,-0.000581383,-0.000738357,-0.000883712,-0.00101954,-0.00114731,-0.00126813,-0.00138284,-0.00149208,-0.00159641,-0.00169625,-0.00179198,-0.0018839,-0.00197229,-0.00205738,-0.00213937,-0.00221844,-0.00229477,-0.00236847,-0.0024397,-0.00250856,-0.00257517,-0.00263961,-0.00270198,-0.00276237,-0.00282083,-0.00287746,-0.0029323,-0.00298542,-0.00303688,-0.00308673,-0.00313502,-0.00318179,-0.00322708,-0.00327095,-0.00331342,-0.00335453,-0.00339431,-0.00343281,-0.00347004,-0.00350603,-0.00354082,-0.00357443,-0.00360688,-0.00363819,-0.00366839,-0.0036975,-0.00372554,-0.00375252,-0.00377847,-0.0038034,-0.00382732,-0.00385026,-0.00387222,-0.00389322,-0.00391327,-0.00393239,-0.00395058,-0.00396786,-0.00398423,-0.00399971,-0.00401431,-0.00402802,-0.00404087,-0.00405286,-0.00406399,-0.00407427,-0.00408371,-0.00409231,-0.00410008,-0.00410702,-0.00411313,-0.00411843,-0.0041229,-0.00412656,-0.0041294,-0.00413143,-0.00413264,-0.00413305,-0.00413265,-0.00413143,-0.0041294,-0.00412656,-0.00412291,-0.00411843,-0.00411314,-0.00410703,-0.00410009,-0.00409233,-0.00408373,-0.00407429,-0.00406401,-0.00405288,-0.00404089,-0.00402804,-0.00401433,-0.00399973,-0.00398426,-0.00396788,-0.00395061,-0.00393241,-0.0039133,-0.00389325,-0.00387225,-0.00385029,-0.00382735,-0.00380343,-0.0037785,-0.00375256,-0.00372557,-0.00369754,-0.00366843,-0.00363822,-0.00360691,-0.00357446,-0.00354086,-0.00350607,-0.00347007,-0.00343284,-0.00339435,-0.00335457,-0.00331345,-0.00327098,-0.00322712,-0.00318182,-0.00313505,-0.00308677,-0.00303692,-0.00298546,-0.00293233,-0.00287749,-0.00282087,-0.0027624,-0.00270202,-0.00263965,-0.0025752,-0.0025086,-0.00243973,-0.0023685,-0.00229479,-0.00221847,-0.0021394,-0.0020574,-0.00197231,-0.00188392,-0.001792,-0.00169627,-0.00159643,-0.0014921,-0.00138285,-0.00126815,-0.00114733,-0.00101955,-0.000883722,-0.000738365,-0.000581389,-0.000409697,-0.000218475,1.51573e-27
0,-0.000306133,-0.000581383,-0.000832286,-0.00106366,-0.00127899,-0.00148083,-0.00167111,-0.00185128,-0.0020225,-0.0021857,-0.00234163,-0.00249093,-0.00263413,-0.00277168,-0.00290397,-0.00303135,-0.00315411,-0.00327252,-0.00338682,-0.00349723,-0.00360392,-0.00370708,-0.00380687,-0.00390342,-0.00399688,-0.00408735,-0.00417497,-0.00425982,-0.00434201,-0.00442163,-0.00449875,-0.00457346,-0.00464583,-0.00471594,-0.00478383,-0.00484958,-0.00491324,-0.00497486,-0.0050345,-0.0050922,-0.00514801,-0.00520197,-0.00525412,-0.0053045,-0.00535315,-0.00540009,-0.00544537,-0.00548901,-0.00553104,-0.0055715,-0.0056104,-0.00564777,-0.00568364,-0.00571802,-0.00575095,-0.00578243,-0.00581249,-0.00584116,-0.00586843,-0.00589433,-0.00591888,-0.00594209,-0.00596397,-0.00598454,-0.0060038,-0.00602177,-0.00603846,-0.00605388,-0.00606803,-0.00608093,-0.00609257,-0.00610298,-0.00611214,-0.00612008,-0.00612679,-0.00613227,-0.00613653,-0.00613957,-0.0061414,-0.00614201,-0.0061414,-0.00613958,-0.00613654,-0.00613228,-0.0061268,-0.00612009,-0.00611216,-0.00610299,-0.00609259,-0.00608095,-0.00606805,-0.0060539,-0.00603849,-0.0060218,-0.00600383,-0.00598457,-0.005964,-0.00594212,-0.00591892,-0.00589437,-0.00586847,-0.00584119,-0.00581253,-0.00578247,-0.00575099,-0.00571806,-0.00568368,-0.00564781,-0.00561044,-0.00557154,-0.00553109,-0.00548906,-0.00544542,-0.00540014,-0.0053532,-0.00530455,-0.00525418,-0.00520203,-0.00514807,-0.00509226,-0.00503456,-0.00497492,-0.00491329,-0.00484963,-0.00478389,-0.00471599,-0.00464589,-0.00457352,-0.0044988,-0.00442168,-0.00434206,-0.00425987,-0.00417502,-0.00408741,-0.00399693,-0.00390347,-0.00380691,-0.00370713,-0.00360397,-0.00349727,-0.00338687,-0.00327256,-0.00315415,-0.00303139,-0.00290401,-0.00277171,-0.00263416,-0.00249096,-0.00234166,-0.00218573,-0.00202252,-0.0018513,-0.00167113,-0.00148085,-0.001279,-0.00106367,-0.000832295,-0.000581389,-0.000306136,2.27359e-27
0,-0.000385614,-0.000738357,-0.00106366,-0.00136594,-0.00164869,-0.00191464,-0.00216594,-0.00240431,-0.00263113,-0.00284752,-0.00305443,-0.00325266,-0.00344288,-0.00362566,-0.00380151,-0.00397088,-0.00413414,-0.00429166,-0.00444372,-0.00459063,-0.00473262,-0.00486992,-0.00500274,-0.00513127,-0.00525569,-0.00537615,-0.00549281,-0.00560579,-0.00571524,-0.00582126,-0.00592397,-0.00602348,-0.00611987,-0.00621324,-0.00630367,-0.00639125,-0.00647604,-0.00655813,-0.00663757,-0.00671444,-0.00678878,-0.00686067,-0.00693014,-0.00699726,-0.00706206,-0.00712461,-0.00718493,-0.00724307,-0.00729907,-0.00735297,-0.0074048,-0.00745459,-0.00750238,-0.00754819,-0.00759206,-0.00763401,-0.00767407,-0.00771226,-0.0077486,-0.00778311,-0.00781582,-0.00784675,-0.0078759,-0.00790331,-0.00792897,-0.00795292,-0.00797516,-0.0079957,-0.00801456,-0.00803174,-0.00804726,-0.00806112,-0.00807334,-0.00808391,-0.00809285,-0.00810015,-0.00810583,-0.00810988,-0.00811232,-0.00811313,-0.00811232,-0.00810989,-0.00810584,-0.00810016,-0.00809286,-0.00808393,-0.00807336,-0.00806114,-0.00804728,-0.00803177,-0.00801459,-0.00799573,-0.00797519,-0.00795295,-0.00792901,-0.00790335,-0.00787594,-0.00784679,-0.00781587,-0.00778316,-0.00774865,-0.00771231,-0.00767412,-0.00763407,-0.00759212,-0.00754825,-0.00750244,-0.00745465,-0.00740486,-0.00735303,-0.00729914,-0.00724314,-0.007185,-0.00712468,-0.00706213,-0.00699733,-0.00693021,-0.00686074,-0.00678886,-0.00671451,-0.00663764,-0.0065582,-0.00647611,-0.00639132,-0.00630374,-0.00621331,-0.00611994,-0.00602355,-0.00592405,-0.00582133,-0.00571531,-0.00560586,-0.00549288,-0.00537622,-0.00525575,-0.00513134,-0.0050028,-0.00486998,-0.00473268,-0.00459069,-0.00444378,-0.00429171,-0.00413419,-0.00397093,-0.00380156,-0.0036257,-0.00344292,-0.0032527,-0.00305447,-0.00284755,-0.00263116,-0.00240434,-0.00216597,-0.00191466,-0.00164871,-0.00136595,-0.00106367,-0.000738365,-0.000385618,3.03146e-27
0,-0.000458904,-0.000883712,-0.00127899,-0.00164869,-0.00199613,-0.00232404,-0.00263466,-0.00292984,-0.00321111,-0.00347976,-0.00373686,-0.00398334,-0.00422,-0.00444751,-0.00466648,-0.00487745,-0.00508087,-0.00527717,-0.00546673,-0.00564989,-0.00582694,-0.00599818,-0.00616384,-0.00632418,-0.0064794,-0.0066297,-0.00677526,-0.00691626,-0.00705284,-0.00718516,-0.00731335,-0.00743755,-0.00755787,-0.00767442,-0.00778731,-0.00789664,-0.0080025,-0.00810498,-0.00820417,-0.00830014,-0.00839297,-0.00848272,-0.00856947,-0.00865327,-0.0087342,-0.00881229,-0.00888762,-0.00896022,-0.00903016,-0.00909746,-0.00916218,-0.00922437,-0.00928405,-0.00934126,-0.00939605,-0.00944844,-0.00949846,-0.00954616,-0.00959154,-0.00963465,-0.0096755,-0.00971412,-0.00975054,-0.00978476,-0.00981682,-0.00984673,-0.0098745,-0.00990016,-0.00992371,-0.00994517,-0.00996456,-0.00998187,-0.00999713,-0.0100103,-0.0100215,-0.0100306,-0.0100377,-0.0100428,-0.0100458,-0.0100468,-0.0100458,-0.0100428,-0.0100377,-0.0100306,-0.0100215,-0.0100103,-0.00999715,-0.00998189,-0.00996458,-0.0099452,-0.00992374,-0.0099002,-0.00987454,-0.00984677,-0.00981687,-0.00978481,-0.00975059,-0.00971418,-0.00967556,-0.00963471,-0.0095916,-0.00954622,-0.00949853,-0.00944851,-0.00939612,-0.00934133,-0.00928412,-0.00922444,-0.00916226,-0.00909754,-0.00903024,-0.00896031,-0.0088877,-0.00881238,-0.00873428,-0.00865336,-0.00856956,-0.00848281,-0.00839306,-0.00830023,-0.00820426,-0.00810508,-0.00800259,-0.00789673,-0.0077874,-0.00767451,-0.00755796,-0.00743764,-0.00731344,-0.00718525,-0.00705293,-0.00691634,-0.00677535,-0.00662978,-0.00647948,-0.00632426,-0.00616392,-0.00599825,-0.00582702,-0.00564996,-0.0054668,-0.00527724,-0.00508094,-0.00487751,-0.00466654,-0.00444757,-0.00422005,-0.0039834,-0.00373691,-0.0034798,-0.00321115,-0.00292987,-0.00263469,-0.00232406,-0.00199615,-0.00164871,-0.001279,-0.000883722,-0.000458909,3.78932e-27
0,-0.000527229,-0.00101954,-0.00148083,-0.00191464,-0.00232404,-0.00271166,-0.00307975,-0.00343021,-0.00376467,-0.00408449,-0.00439086,-0.0046848,-0.0049672,-0.00523884,-0.0055004,-0.0057525,-0.00599566,-0.00623038,-0.00645709,-0.00667619,-0.00688803,-0.00709295,-0.00729123,-0.00748316,-0.00766898,-0.00784893,-0.00802323,-0.00819207,-0.00835565,-0.00851413,-0.00866768,-0.00881645,-0.00896058,-0.00910021,-0.00923546,-0.00936645,-0.00949329,-0.00961609,-0.00973494,-0.00984994,-0.00996117,-0.0100687,-0.0101727,-0.0102731,-0.0103701,-0.0104637,-0.010554,-0.010641,-0.0107248,-0.0108055,-0.0108831,-0.0109576,-0.0110291,-0.0110977,-0.0111634,-0.0112262,-0.0112861,-0.0113433,-0.0113977,-0.0114494,-0.0114984,-0.0115447,-0.0115883,-0.0116293,-0.0116678,-0.0117036,-0.0117369,-0.0117677,-0.0117959,-0.0118216,-0.0118449,-0.0118656,-0.0118839,-0.0118998,-0.0119131,-0.0119241,-0.0119326,-0.0119386,-0.0119423,-0.0119435,-0.0119423,-0.0119387,-0.0119326,-0.0119241,-0.0119132,-0.0118998,-0.0118839,-0.0118657,-0.0118449,-0.0118217,-0.011796,-0.0117677,-0.011737,-0.0117037,-0.0116678,-0.0116294,-0.0115884,-0.0115447,-0.0114984,-0.0114495,-0.0113978,-0.0113434,-0.0112862,-0.0112263,-0.0111635,-0.0110978,-0.0110292,-0.0109577,-0.0108832,-0.0108056,-0.0107249,-0.0106411,-0.0105541,-0.0104638,-0.0103702,-0.0102732,-0.0101728,-0.0100688,-0.00996128,-0.00985005,-0.00973505,-0.0096162,-0.0094934,-0.00936656,-0.00923557,-0.00910032,-0.00896069,-0.00881656,-0.00866779,-0.00851424,-0.00835576,-0.00819218,-0.00802333,-0.00784903,-0.00766908,-0.00748325,-0.00729132,-0.00709304,-0.00688812,-0.00667628,-0.00645718,-0.00623046,-0.00599574,-0.00575257,-0.00550048,-0.00523891,-0.00496726,-0.00468486,-0.00439091,-0.00408454,-0.00376471,-0.00343026,-0.00307979,-0.00271169,-0.00232406,-0.00191466,-0.00148085,-0.00101955,-0.000527235,4.54719e-27
0,-0.000591412,-0.00114731,-0.00167111,-0.00216594,-0.00263466,-0.00307975,-0.00350341,-0.00390754,-0.0042938,-0.0046636,-0.00501822,-0.00535873,-0.00568611,-0.00600119,-0.00630474,-0.00659742,-0.00687984,-0.00715254,-0.00741601,-0.0076707,-0.007917,-0.00815529,-0.00838592,-0.00860918,-0.00882538,-0.00903477,-0.0092376,-0.00943411,-0.0096245,-0.00980899,-0.00998774,-0.0101609,-0.0103288,-0.0104913,-0.0106488,-0.0108014,-0.0109491,-0.0110921,-0.0112305,-0.0113645,-0.011494,-0.0116193,-0.0117404,-0.0118574,-0.0119704,-0.0120794,-0.0121846,-0.0122859,-0.0123836,-0.0124776,-0.012568,-0.0126548,-0.0127381,-0.012818,-0.0128946,-0.0129677,-0.0130376,-0.0131042,-0.0131676,-0.0132278,-0.0132849,-0.0133388,-0.0133897,-0.0134375,-0.0134823,-0.013524,-0.0135628,-0.0135987,-0.0136316,-0.0136616,-0.0136886,-0.0137128,-0.0137341,-0.0137526,-0.0137682,-0.0137809,-0.0137908,-0.0137979,-0.0138021,-0.0138036,-0.0138022,-0.0137979,-0.0137908,-0.0137809,-0.0137682,-0.0137526,-0.0137342,-0.0137129,-0.0136887,-0.0136616,-0.0136316,-0.0135987,-0.0135629,-0.0135241,-0.0134823,-0.0134376,-0.0133897,-0.0133389,-0.0132849,-0.0132279,-0.0131677,-0.0131043,-0.0130377,-0.0129678,-0.0128946,-0.0128181,-0.0127382,-0.0126549,-0.0125681,-0.0124777,-0.0123837,-0.0122861,-0.0121847,-0.0120795,-0.0119705,-0.0118575,-0.0117405,-0.0116194,-0.0114941,-0.0113646,-0.0112306,-0.0110922,-0.0109492,-0.0108015,-0.010649,-0.0104915,-0.0103289,-0.0101611,-0.00998787,-0.00980911,-0.00962463,-0.00943423,-0.00923772,-0.00903489,-0.00882549,-0.0086093,-0.00838603,-0.0081554,-0.00791711,-0.0076708,-0.00741611,-0.00715264,-0.00687994,-0.00659751,-0.00630482,-0.00600127,-0.00568618,-0.0053588,-0.00501829,-0.00466367,-0.00429385,-0.00390759,-0.00350346,-0.00307979,-0.00263469,-0.00216597,-0.00167113,-0.00114733,-0.000591419,5.30505e-27
0,-0.000652044,-0.00126813,-0.00185128,-0.00240431,-0.00292984,-0.00343021,-0.00390754,-0.00436369,-0.00480031,-0.00521886,-0.00562063,-0.00600675,-0.00637825,-0.00673603,-0.00708089,-0.00741356,-0.00773469,-0.00804488,-0.00834467,-0.00863453,-0.00891493,-0.00918626,-0.00944891,-0.00970323,-0.00994953,-0.0101881,-0.0104193,-0.0106432,-0.0108602,-0.0110705,-0.0112743,-0.0114718,-0.0116631,-0.0118485,-0.0120281,-0.0122021,-0.0123705,-0.0125336,-0.0126915,-0.0128443,-0.0129921,-0.013135,-0.0132732,-0.0134066,-0.0135355,-0.0136599,-0.0137799,-0.0138956,-0.014007,-0.0141142,-0.0142173,-0.0143164,-0.0144115,-0.0145027,-0.01459,-0.0146735,-0.0147533,-0.0148293,-0.0149016,-0.0149703,-0.0150354,-0.015097,-0.0151551,-0.0152096,-0.0152607,-0.0153084,-0.0153527,-0.0153936,-0.0154311,-0.0154653,-0.0154963,-0.0155239,-0.0155482,-0.0155692,-0.015587,-0.0156016,-0.0156129,-0.015621,-0.0156258,-0.0156274,-0.0156258,-0.015621,-0.0156129,-0.0156016,-0.0155871,-0.0155693,-0.0155482,-0.0155239,-0.0154963,-0.0154654,-0.0154312,-0.0153936,-0.0153527,-0.0153085,-0.0152608,-0.0152097,-0.0151551,-0.0150971,-0.0150355,-0.0149704,-0.0149017,-0.0148294,-0.0147534,-0.0146736,-0.0145901,-0.0145028,-0.0144116,-0.0143166,-0.0142175,-0.0141143,-0.0140071,-0.0138957,-0.01378,-0.01366,-0.0135356,-0.0134068,-0.0132733,-0.0131352,-0.0129922,-0.0128444,-0.0126917,-0.0125338,-0.0123707,-0.0122022,-0.0120282,-0.0118487,-0.0116633,-0.0114719,-0.0112744,-0.0110707,-0.0108604,-0.0106433,-0.0104194,-0.0101882,-0.00994966,-0.00970336,-0.00944904,-0.00918639,-0.00891505,-0.00863465,-0.00834478,-0.00804499,-0.0077348,-0.00741366,-0.00708098,-0.00673612,-0.00637834,-0.00600683,-0.0056207,-0.00521893,-0.00480037,-0.00436375,-0.00390759,-0.00343026,-0.00292988,-0.00240434,-0.0018513,-0.00126815,-0.000652052,6.06291e-27
0,-0.000709568,-0.00138284,-0.0020225,-0.00263113,-0.00321111,-0.00376467,-0.0042938,-0.00480031,-0.00528584,-0.00575184,-0.00619962,-0.00663034,-0.00704506,-0.00744472,-0.00783017,-0.00820218,-0.00856143,-0.00890858,-0.00924419,-0.00956879,-0.00988287,-0.0101869,-0.0104812,-0.0107662,-0.0110424,-0.0113098,-0.011569,-0.0118202,-0.0120636,-0.0122995,-0.0125281,-0.0127497,-0.0129644,-0.0131724,-0.013374,-0.0135692,-0.0137583,-0.0139414,-0.0141186,-0.0142901,-0.014456,-0.0146165,-0.0147715,-0.0149214,-0.0150661,-0.0152058,-0.0153405,-0.0154704,-0.0155955,-0.0157159,-0.0158317,-0.015943,-0.0160498,-0.0161522,-0.0162503,-0.016344,-0.0164336,-0.016519,-0.0166002,-0.0166774,-0.0167505,-0.0168197,-0.0168849,-0.0169462,-0.0170036,-0.0170571,-0.0171069,-0.0171528,-0.017195,-0.0172334,-0.0172681,-0.0172991,-0.0173265,-0.0173501,-0.0173701,-0.0173864,-0.0173991,-0.0174082,-0.0174137,-0.0174155,-0.0174137,-0.0174082,-0.0173992,-0.0173865,-0.0173701,-0.0173501,-0.0173265,-0.0172992,-0.0172682,-0.0172335,-0.017195,-0.0171529,-0.0171069,-0.0170572,-0.0170037,-0.0169463,-0.016885,-0.0168198,-0.0167506,-0.0166775,-0.0166003,-0.0165191,-0.0164337,-0.0163442,-0.0162504,-0.0161523,-0.01605,-0.0159432,-0.0158319,-0.0157161,-0.0155957,-0.0154705,-0.0153407,-0.0152059,-0.0150663,-0.0149216,-0.0147717,-0.0146166,-0.0144562,-0.0142903,-0.0141188,-0.0139415,-0.0137585,-0.0135694,-0.0133741,-0.0131726,-0.0129646,-0.0127499,-0.0125283,-0.0122997,-0.0120638,-0.0118204,-0.0115692,-0.01131,-0.0110425,-0.0107664,-0.0104813,-0.010187,-0.009883,-0.00956892,-0.00924431,-0.0089087,-0.00856155,-0.00820229,-0.00783028,-0.00744483,-0.00704516,-0.00663044,-0.0061997,-0.00575192,-0.00528591,-0.00480038,-0.00429385,-0.00376472,-0.00321115,-0.00263116,-0.00202253,-0.00138285,-0.000709577,6.82078e-27
0,-0.000764329,-0.00149208,-0.0021857,-0.00284752,-0.00347976,-0.00408449,-0.0046636,-0.00521886,-0.00575184,-0.00626399,-0.00675661,-0.00723089,-0.00768789,-0.00812858,-0.00855385,-0.00896449,-0.00936124,-0.00974476,-0.0101157,-0.0104745,-0.0108218,-0.0111581,-0.0114837,-0.0117991,-0.0121047,-0.0124008,-0.0126878,-0.0129659,-0.0132355,-0.0134968,-0.01375,-0.0139954,-0.0142333,-0.0144638,-0.0146871,-0.0149035,-0.015113,-0.0153159,-0.0155123,-0.0157024,-0.0158864,-0.0160642,-0.0162361,-0.0164023,-0.0165627,-0.0167176,-0.016867,-0.017011,-0.0171497,-0.0172832,-0.0174116,-0.017535,-0.0176535,-0.017767,-0.0178758,-0.0179798,-0.0180791,-0.0181738,-0.0182639,-0.0183495,-0.0184306,-0.0185073,-0.0185796,-0.0186476,-0.0187112,-0.0187706,-0.0188258,-0.0188768,-0.0189236,-0.0189662,-0.0190047,-0.0190391,-0.0190694,-0.0190956,-0.0191178,-0.0191359,-0.01915,-0.0191601,-0.0191661,-0.0191681,-0.0191661,-0.0191601,-0.01915,-0.0191359,-0.0191178,-0.0190957,-0.0190694,-0.0190391,-0.0190047,-0.0189662,-0.0189236,-0.0188768,-0.0188259,-0.0187707,-0.0187113,-0.0186477,-0.0185797,-0.0185074,-0.0184307,-0.0183496,-0.018264,-0.0181739,-0.0180792,-0.0179799,-0.0178759,-0.0177672,-0.0176536,-0.0175352,-0.0174118,-0.0172834,-0.0171499,-0.0170111,-0.0168671,-0.0167177,-0.0165629,-0.0164025,-0.0162363,-0.0160644,-0.0158865,-0.0157026,-0.0155125,-0.0153161,-0.0151132,-0.0149036,-0.0146873,-0.014464,-0.0142335,-0.0139956,-0.0137502,-0.0134969,-0.0132357,-0.0129661,-0.012688,-0.012401,-0.0121049,-0.0117993,-0.0114839,-0.0111582,-0.010822,-0.0104747,-0.0101158,-0.0097449,-0.00936137,-0.00896461,-0.00855397,-0.00812869,-0.00768799,-0.00723099,-0.0067567,-0.00626408,-0.00575192,-0.00521893,-0.00466367,-0.00408454,-0.00347981,-0.00284756,-0.00218573,-0.0014921,-0.000764339,7.57864e-27
0,-0.000816605,-0.00159641,-0.00234163,-0.00305443,-0.00373686,-0.00439086,-0.00501822,-0.00562063,-0.00619962,-0.00675661,-0.00729289,-0.00780965,-0.00830796,-0.00878881,-0.00925309,-0.00970164,-0.0101352,-0.0105545,-0.0109601,-0.0113527,-0.0117328,-0.0121009,-0.0124574,-0.0128028,-0.0131376,-0.013462,-0.0137764,-0.0140812,-0.0143766,-0.014663,-0.0149406,-0.0152097,-0.0154705,-0.0157233,-0.0159682,-0.0162055,-0.0164353,-0.0166579,-0.0168734,-0.0170819,-0.0172837,-0.0174789,-0.0176675,-0.0178498,-0.0180259,-0.0181958,-0.0183598,-0.0185178,-0.01867,-0.0188166,-0.0189576,-0.019093,-0.019223,-0.0193476,-0.019467,-0.0195812,-0.0196902,-0.0197941,-0.019893,-0.019987,-0.020076,-0.0201602,-0.0202396,-0.0203143,-0.0203842,-0.0204494,-0.0205099,-0.0205659,-0.0206172,-0.0206641,-0.0207063,-0.0207441,-0.0207774,-0.0208062,-0.0208305,-0.0208504,-0.0208659,-0.0208769,-0.0208836,-0.0208858,-0.0208836,-0.0208769,-0.0208659,-0.0208504,-0.0208305,-0.0208062,-0.0207774,-0.0207441,-0.0207064,-0.0206641,-0.0206173,-0.020566,-0.02051,-0.0204495,-0.0203843,-0.0203144,-0.0202397,-0.0201604,-0.0200762,-0.0199871,-0.0198932,-0.0197943,-0.0196903,-0.0195813,-0.0194672,-0.0193478,-0.0192232,-0.0190932,-0.0189577,-0.0188168,-0.0186702,-0.018518,-0.0183599,-0.018196,-0.0180261,-0.01785,-0.0176677,-0.0174791,-0.0172839,-0.0170821,-0.0168736,-0.0166581,-0.0164355,-0.0162057,-0.0159684,-0.0157235,-0.0154707,-0.0152099,-0.0149408,-0.0146632,-0.0143768,-0.0140813,-0.0137766,-0.0134621,-0.0131377,-0.012803,-0.0124576,-0.0121011,-0.011733,-0.0113529,-0.0109603,-0.0105547,-0.0101354,-0.00970178,-0.00925323,-0.00878893,-0.00830808,-0.00780976,-0.007293,-0.00675671,-0.00619971,-0.00562071,-0.00501829,-0.00439092,-0.00373691,-0.00305448,-0.00234167,-0.00159643,-0.000816615,3.03222e-26
0,-0.000866619,-0.00169625,-0.00249093,-0.00325266,-0.00398334,-0.0046848,-0.00535873,-0.00600675,-0.00663034,-0.00723089,-0.00780965,-0.00836781,-0.00890644,-0.00942654,-0.00992903,-0.0104147,-0.0108844,-0.0113388,-0.0117786,-0.0122044,-0.0126168,-0.0130162,-0.0134032,-0.0137782,-0.0141417,-0.014494,-0.0148355,-0.0151667,-0.0154877,-0.015799,-0.0161007,-0.0163932,-0.0166768,-0.0169516,-0.0172179,-0.0174759,-0.0177259,-0.017968,-0.0182023,-0.0184292,-0.0186487,-0.018861,-0.0190662,-0.0192646,-0.0194561,-0.019641,-0.0198194,-0.0199914,-0.0201571,-0.0203166,-0.0204699,-0.0206173,-0.0207588,-0.0208945,-0.0210244,-0.0211487,-0.0212673,-0.0213804,-0.0214881,-0.0215904,-0.0216873,-0.021779,-0.0218654,-0.0219466,-0.0220227,-0.0220937,-0.0221597,-0.0222206,-0.0222765,-0.0223274,-0.0223735,-0.0224146,-0.0224508,-0.0224821,-0.0225086,-0.0225303,-0.0225472,-0.0225592,-0.0225664,-0.0225688,-0.0225664,-0.0225592,-0.0225472,-0.0225303,-0.0225087,-0.0224822,-0.0224508,-0.0224146,-0.0223735,-0.0223275,-0.0222766,-0.0222207,-0.0221598,-0.0220938,-0.0220228,-0.0219468,-0.0218655,-0.0217791,-0.0216875,-0.0215905,-0.0214883,-0.0213806,-0.0212675,-0.0211488,-0.0210246,-0.0208947,-0.020759,-0.0206175,-0.0204701,-0.0203167,-0.0201573,-0.0199916,-0.0198196,-0.0196412,-0.0194563,-0.0192648,-0.0190664,-0.0188612,-0.0186489,-0.0184294,-0.0182026,-0.0179682,-0.0177261,-0.0174761,-0.0172181,-0.0169518,-0.016677,-0.0163934,-0.0161009,-0.0157992,-0.0154879,-0.0151669,-0.0148358,-0.0144942,-0.0141419,-0.0137784,-0.0134034,-0.0130164,-0.0126169,-0.0122046,-0.0117788,-0.011339,-0.0108846,-0.0104149,-0.00992917,-0.00942668,-0.00890657,-0.00836793,-0.00780976,-0.00723099,-0.00663044,-0.00600684,-0.00535881,-0.00468486,-0.0039834,-0.00325271,-0.00249097,-0.00169627,-0.000866631,9.09437e-27
0,-0.000914562,-0.00179198,-0.00263413,-0.00344288,-0.00422,-0.0049672,-0.00568611,-0.00637825,-0.00704506,-0.00768789,-0.00830796,-0.00890644,-0.00948441,-0.0100429,-0.0105827,-0.0111048,-0.0116099,-0.0120988,-0.0125721,-0.0130305,-0.0134746,-0.0139049,-0.0143218,-0.014726,-0.0151179,-0.0154978,-0.0158661,-0.0162233,-0.0165696,-0.0169054,-0.017231,-0.0175467,-0.0178527,-0.0181493,-0.0184368,-0.0187154,-0.0189853,-0.0192467,-0.0194998,-0.0197448,-0.0199818,-0.0202111,-0.0204328,-0.020647,-0.020854,-0.0210537,-0.0212464,-0.0214323,-0.0216113,-0.0217836,-0.0219493,-0.0221086,-0.0222615,-0.0224081,-0.0225485,-0.0226827,-0.022811,-0.0229332,-0.0230496,-0.0231601,-0.0232649,-0.023364,-0.0234574,-0.0235451,-0.0236274,-0.0237041,-0.0237754,-0.0238412,-0.0239017,-0.0239567,-0.0240065,-0.0240509,-0.0240901,-0.024124,-0.0241526,-0.024176,-0.0241942,-0.0242072,-0.024215,-0.0242176,-0.024215,-0.0242072,-0.0241943,-0.0241761,-0.0241526,-0.024124,-0.0240901,-0.024051,-0.0240065,-0.0239568,-0.0239017,-0.0238413,-0.0237755,-0.0237042,-0.0236275,-0.0235453,-0.0234575,-0.0233641,-0.023265,-0.0231603,-0.0230498,-0.0229334,-0.0228111,-0.0226829,-0.0225486,-0.0224082,-0.0222617,-0.0221088,-0.0219495,-0.0217838,-0.0216115,-0.0214325,-0.0212467,-0.0210539,-0.0208542,-0.0206473,-0.020433,-0.0202113,-0.0199821,-0.019745,-0.0195,-0.0192469,-0.0189855,-0.0187156,-0.0184371,-0.0181496,-0.0178529,-0.0175469,-0.0172312,-0.0169056,-0.0165698,-0.0162235,-0.0158663,-0.015498,-0.0151181,-0.0147262,-0.0143221,-0.0139051,-0.0134748,-0.0130307,-0.0125723,-0.0120989,-0.0116101,-0.0111049,-0.0105828,-0.010043,-0.00948455,-0.00890657,-0.00830808,-0.007688,-0.00704517,-0.00637834,-0.00568619,-0.00496727,-0.00422006,-0.00344293,-0.00263417,-0.001792,-0.000914575,-1.21335e-26
0,-0.000960592,-0.0018839,-0.00277168,-0.00362566,-0.00444751,-0.00523884,-0.00600119,-0.00673603,-0.00744472,-0.00812858,-0.00878881,-0.00942654,-0.0100429,-0.0106387,-0.0112151,-0.0117727,-0.0123125,-0.0128352,-0.0133414,-0.0138319,-0.0143071,-0.0147678,-0.0152143,-0.0156472,-0.016067,-0.0164741,-0.0168688,-0.0172516,-0.0176229,-0.017983,-0.0183322,-0.0186707,-0.018999,-0.0193172,-0.0196256,-0.0199246,-0.0202142,-0.0204947,-0.0207663,-0.0210292,-0.0212837,-0.0215298,-0.0217678,-0.0219978,-0.02222,-0.0224345,-0.0226414,-0.0228409,-0.0230331,-0.0232182,-0.0233961,-0.0235672,-0.0237314,-0.0238888,-0.0240396,-0.0241838,-0.0243216,-0.0244529,-0.0245779,-0.0246966,-0.0248091,-0.0249156,-0.0250159,-0.0251102,-0.0251985,-0.025281,-0.0253575,-0.0254283,-0.0254932,-0.0255523,-0.0256058,-0.0256535,-0.0256956,-0.025732,-0.0257628,-0.0257879,-0.0258075,-0.0258215,-0.0258298,-0.0258326,-0.0258299,-0.0258215,-0.0258075,-0.025788,-0.0257628,-0.0257321,-0.0256957,-0.0256536,-0.0256059,-0.0255524,-0.0254933,-0.0254284,-0.0253576,-0.0252811,-0.0251987,-0.0251103,-0.025016,-0.0249157,-0.0248093,-0.0246968,-0.024578,-0.0244531,-0.0243217,-0.024184,-0.0240398,-0.023889,-0.0237316,-0.0235674,-0.0233964,-0.0232184,-0.0230333,-0.0228411,-0.0226416,-0.0224347,-0.0222202,-0.0219981,-0.0217681,-0.0215301,-0.0212839,-0.0210295,-0.0207665,-0.0204949,-0.0202144,-0.0199248,-0.0196259,-0.0193175,-0.0189992,-0.018671,-0.0183324,-0.0179832,-0.0176232,-0.0172519,-0.016869,-0.0164743,-0.0160672,-0.0156474,-0.0152145,-0.014768,-0.0143073,-0.0138321,-0.0133416,-0.0128354,-0.0123127,-0.0117729,-0.0112152,-0.0106389,-0.010043,-0.00942669,-0.00878894,-0.0081287,-0.00744483,-0.00673613,-0.00600128,-0.00523892,-0.00444757,-0.00362571,-0.00277172,-0.00188393,-0.000960606,1.06101e-26
0,-0.00100485,-0.00197229,-0.00290397,-0.00380151,-0.00466648,-0.0055004,-0.00630474,-0.00708089,-0.00783017,-0.00855385,-0.00925309,-0.00992903,-0.0105827,-0.0112151,-0.011827,-0.0124195,-0.0129933,-0.013549,-0.0140875,-0.0146094,-0.0151153,-0.0156057,-0.0160813,-0.0165425,-0.0169898,-0.0174236,-0.0178444,-0.0182526,-0.0186485,-0.0190325,-0.0194049,-0.0197661,-0.0201163,-0.0204558,-0.020785,-0.021104,-0.0214131,-0.0217125,-0.0220025,-0.0222832,-0.0225549,-0.0228177,-0.0230718,-0.0233174,-0.0235546,-0.0237837,-0.0240047,-0.0242178,-0.0244231,-0.0246208,-0.0248109,-0.0249936,-0.025169,-0.0253372,-0.0254983,-0.0256524,-0.0257995,-0.0259399,-0.0260734,-0.0262003,-0.0263205,-0.0264342,-0.0265414,-0.0266422,-0.0267366,-0.0268247,-0.0269065,-0.0269821,-0.0270515,-0.0271147,-0.0271718,-0.0272228,-0.0272678,-0.0273067,-0.0273396,-0.0273665,-0.0273874,-0.0274023,-0.0274112,-0.0274142,-0.0274112,-0.0274023,-0.0273874,-0.0273665,-0.0273396,-0.0273067,-0.0272678,-0.0272229,-0.0271719,-0.0271148,-0.0270516,-0.0269822,-0.0269066,-0.0268248,-0.0267367,-0.0266423,-0.0265416,-0.0264344,-0.0263207,-0.0262004,-0.0260736,-0.02594,-0.0257997,-0.0256526,-0.0254985,-0.0253374,-0.0251692,-0.0249938,-0.0248111,-0.024621,-0.0244234,-0.024218,-0.024005,-0.023784,-0.0235549,-0.0233177,-0.0230721,-0.0228179,-0.0225551,-0.0222835,-0.0220027,-0.0217128,-0.0214134,-0.0211043,-0.0207853,-0.0204561,-0.0201166,-0.0197663,-0.0194052,-0.0190327,-0.0186487,-0.0182528,-0.0178447,-0.0174239,-0.01699,-0.0165427,-0.0160815,-0.015606,-0.0151155,-0.0146096,-0.0140877,-0.0135492,-0.0129935,-0.0124197,-0.0118272,-0.0112152,-0.0105828,-0.00992918,-0.00925323,-0.00855397,-0.00783029,-0.00708099,-0.00630484,-0.00550049,-0.00466655,-0.00380157,-0.00290401,-0.00197232,-0.00100486,3.33537e-26
0,-0.00104744,-0.00205738,-0.00303135,-0.00397088,-0.00487745,-0.0057525,-0.00659742,-0.00741356,-0.00820218,-0.00896449,-0.00970164,-0.0104147,-0.0111048,-0.0117727,-0.0124195,-0.013046,-0.0136529,-0.0142411,-0.0148112,-0.0153639,-0.0158998,-0.0164196,-0.0169237,-0.0174126,-0.017887,-0.0183472,-0.0187936,-0.0192267,-0.0196469,-0.0200545,-0.0204498,-0.0208333,-0.0212052,-0.0215658,-0.0219154,-0.0222543,-0.0225827,-0.0229008,-0.0232089,-0.0235072,-0.0237959,-0.0240752,-0.0243453,-0.0246063,-0.0248585,-0.025102,-0.0253369,-0.0255635,-0.0257818,-0.0259919,-0.0261941,-0.0263883,-0.0265749,-0.0267537,-0.026925,-0.0270889,-0.0272454,-0.0273946,-0.0275366,-0.0276715,-0.0277994,-0.0279204,-0.0280344,-0.0281416,-0.028242,-0.0283357,-0.0284227,-0.0285031,-0.0285769,-0.0286441,-0.0287049,-0.0287592,-0.028807,-0.0288484,-0.0288833,-0.028912,-0.0289342,-0.0289501,-0.0289596,-0.0289628,-0.0289596,-0.0289501,-0.0289342,-0.028912,-0.0288834,-0.0288484,-0.028807,-0.0287592,-0.028705,-0.0286442,-0.028577,-0.0285032,-0.0284228,-0.0283358,-0.0282421,-0.0281417,-0.0280345,-0.0279205,-0.0277996,-0.0276717,-0.0275368,-0.0273948,-0.0272456,-0.0270891,-0.0269252,-0.0267539,-0.0265751,-0.0263886,-0.0261943,-0.0259922,-0.025782,-0.0255637,-0.0253372,-0.0251023,-0.0248588,-0.0246066,-0.0243455,-0.0240755,-0.0237962,-0.0235075,-0.0232092,-0.0229011,-0.0225829,-0.0222546,-0.0219157,-0.0215661,-0.0212055,-0.0208336,-0.0204501,-0.0200548,-0.0196471,-0.019227,-0.0187939,-0.0183474,-0.0178872,-0.0174129,-0.0169239,-0.0164198,-0.0159001,-0.0153641,-0.0148114,-0.0142413,-0.0136531,-0.0130462,-0.0124197,-0.0117729,-0.0111049,-0.0104149,-0.00970179,-0.00896463,-0.0082023,-0.00741367,-0.00659752,-0.00575259,-0.00487752,-0.00397094,-0.00303139,-0.00205741,-0.00104746,1.21258e-26
0,-0.00108848,-0.00213937,-0.00315411,-0.00413414,-0.00508087,-0.00599566,-0.00687984,-0.00773469,-0.00856143,-0.00936124,-0.0101352,-0.0108844,-0.0116099,-0.0123125,-0.0129933,-0.0136529,-0.0142923,-0.0149122,-0.0155132,-0.0160961,-0.0166615,-0.01721,-0.0177421,-0.0182584,-0.0187593,-0.0192454,-0.0197171,-0.0201747,-0.0206188,-0.0210497,-0.0214677,-0.0218732,-0.0222664,-0.0226478,-0.0230176,-0.0233761,-0.0237235,-0.02406,-0.0243861,-0.0247017,-0.0250073,-0.0253029,-0.0255887,-0.0258651,-0.026132,-0.0263898,-0.0266385,-0.0268784,-0.0271095,-0.027332,-0.0275461,-0.0277518,-0.0279493,-0.0281388,-0.0283202,-0.0284937,-0.0286594,-0.0288175,-0.0289679,-0.0291108,-0.0292463,-0.0293744,-0.0294952,-0.0296087,-0.0297151,-0.0298143,-0.0299065,-0.0299917,-0.0300698,-0.0301411,-0.0302054,-0.0302629,-0.0303136,-0.0303574,-0.0303945,-0.0304248,-0.0304484,-0.0304652,-0.0304753,-0.0304786,-0.0304753,-0.0304652,-0.0304484,-0.0304249,-0.0303946,-0.0303575,-0.0303137,-0.030263,-0.0302055,-0.0301412,-0.03007,-0.0299918,-0.0299066,-0.0298145,-0.0297152,-0.0296089,-0.0294953,-0.0293746,-0.0292465,-0.029111,-0.0289681,-0.0288177,-0.0286597,-0.0284939,-0.0283204,-0.028139,-0.0279496,-0.0277521,-0.0275464,-0.0273323,-0.0271098,-0.0268787,-0.0266388,-0.0263901,-0.0261323,-0.0258654,-0.025589,-0.0253032,-0.0250076,-0.024702,-0.0243864,-0.0240604,-0.0237238,-0.0233764,-0.0230179,-0.0226481,-0.0222667,-0.0218735,-0.021468,-0.02105,-0.0206191,-0.020175,-0.0197174,-0.0192457,-0.0187596,-0.0182587,-0.0177424,-0.0172103,-0.0166618,-0.0160964,-0.0155135,-0.0149124,-0.0142925,-0.0136531,-0.0129935,-0.0123127,-0.0116101,-0.0108846,-0.0101354,-0.00936138,-0.00856157,-0.00773481,-0.00687995,-0.00599575,-0.00508095,-0.00413421,-0.00315416,-0.0021394,-0.0010885,-9.10203e-27
0,-0.00112806,-0.00221844,-0.00327252,-0.00429166,-0.00527717,-0.00623038,-0.00715254,-0.00804488,-0.00890858,-0.00974476,-0.0105545,-0.0113388,-0.0120988,-0.0128352,-0.013549,-0.0142411,-0.0149122,-0.015563,-0.0161943,-0.0168068,-0.0174011,-0.0179777,-0.0185373,-0.0190804,-0.0196075,-0.0201191,-0.0206155,-0.0210974,-0.021565,-0.0220187,-0.022459,-0.0228862,-0.0233005,-0.0237024,-0.0240921,-0.0244699,-0.0248361,-0.0251909,-0.0255346,-0.0258674,-0.0261896,-0.0265013,-0.0268028,-0.0270942,-0.0273758,-0.0276477,-0.02791,-0.028163,-0.0284069,-0.0286416,-0.0288675,-0.0290845,-0.0292929,-0.0294928,-0.0296842,-0.0298673,-0.0300422,-0.030209,-0.0303678,-0.0305186,-0.0306615,-0.0307967,-0.0309242,-0.031044,-0.0311563,-0.031261,-0.0313583,-0.0314482,-0.0315307,-0.031606,-0.0316739,-0.0317346,-0.031788,-0.0318343,-0.0318734,-0.0319054,-0.0319303,-0.031948,-0.0319587,-0.0319623,-0.0319587,-0.0319481,-0.0319303,-0.0319055,-0.0318735,-0.0318344,-0.0317881,-0.0317347,-0.031674,-0.0316061,-0.0315309,-0.0314484,-0.0313585,-0.0312612,-0.0311565,-0.0310442,-0.0309244,-0.0307969,-0.0306617,-0.0305188,-0.030368,-0.0302092,-0.0300425,-0.0298676,-0.0296845,-0.029493,-0.0292932,-0.0290848,-0.0288677,-0.0286419,-0.0284072,-0.0281633,-0.0279103,-0.027648,-0.0273761,-0.0270945,-0.0268031,-0.0265016,-0.0261899,-0.0258677,-0.0255349,-0.0251912,-0.0248364,-0.0244702,-0.0240924,-0.0237027,-0.0233008,-0.0228865,-0.0224593,-0.022019,-0.0215653,-0.0210977,-0.0206158,-0.0201194,-0.0196078,-0.0190807,-0.0185376,-0.017978,-0.0174014,-0.0168071,-0.0161946,-0.0155633,-0.0149124,-0.0142413,-0.0135492,-0.0128354,-0.012099,-0.011339,-0.0105547,-0.00974491,-0.00890872,-0.00804501,-0.00715266,-0.00623048,-0.00527726,-0.00429172,-0.00327257,-0.00221848,-0.00112808,1.36416e-26
0,-0.00116626,-0.00229477,-0.00338682,-0.00444372,-0.00546673,-0.00645709,-0.00741601,-0.00834467,-0.00924419,-0.0101157,-0.0109601,-0.0117786,-0.0125721,-0.0133414,-0.0140875,-0.0148112,-0.0155132,-0.0161943,-0.0168553,-0.0174967,-0.0181193,-0.0187235,-0.0193101,-0.0198794,-0.0204322,-0.0209687,-0.0214896,-0.0219952,-0.0224859,-0.0229622,-0.0234244,-0.0238729,-0.024308,-0.0247301,-0.0251394,-0.0255363,-0.025921,-0.0262938,-0.026655,-0.0270047,-0.0273433,-0.0276709,-0.0279878,-0.0282942,-0.0285902,-0.028876,-0.0291519,-0.0294179,-0.0296743,-0.0299211,-0.0301586,-0.0303869,-0.030606,-0.0308162,-0.0310176,-0.0312102,-0.0313941,-0.0315695,-0.0317365,-0.0318952,-0.0320456,-0.0321878,-0.0323219,-0.0324479,-0.032566,-0.0326762,-0.0327786,-0.0328732,-0.03296,-0.0330391,-0.0331106,-0.0331744,-0.0332307,-0.0332794,-0.0333205,-0.0333542,-0.0333803,-0.033399,-0.0334102,-0.033414,-0.0334102,-0.033399,-0.0333804,-0.0333542,-0.0333206,-0.0332794,-0.0332307,-0.0331745,-0.0331107,-0.0330392,-0.0329601,-0.0328733,-0.0327787,-0.0326764,-0.0325662,-0.0324481,-0.0323221,-0.032188,-0.0320458,-0.0318954,-0.0317368,-0.0315698,-0.0313944,-0.0312104,-0.0310178,-0.0308165,-0.0306063,-0.0303872,-0.0301589,-0.0299214,-0.0296746,-0.0294182,-0.0291522,-0.0288763,-0.0285905,-0.0282945,-0.0279881,-0.0276713,-0.0273436,-0.0270051,-0.0266553,-0.0262941,-0.0259213,-0.0255366,-0.0251398,-0.0247304,-0.0243084,-0.0238733,-0.0234248,-0.0229625,-0.0224863,-0.0219955,-0.0214899,-0.0209691,-0.0204325,-0.0198798,-0.0193104,-0.0187238,-0.0181195,-0.017497,-0.0168556,-0.0161946,-0.0155135,-0.0148114,-0.0140878,-0.0133417,-0.0125723,-0.0117788,-0.0109603,-0.0101158,-0.00924434,-0.0083448,-0.00741613,-0.0064572,-0.00546682,-0.0044438,-0.00338688,-0.0022948,-0.00116628,3.63851e-26
0,-0.00120315,-0.00236847,-0.00349723,-0.00459063,-0.00564989,-0.00667619,-0.0076707,-0.00863453,-0.00956879,-0.0104745,-0.0113527,-0.0122044,-0.0130305,-0.0138319,-0.0146094,-0.0153639,-0.0160961,-0.0168068,-0.0174967,-0.0181664,-0.0188167,-0.019448,-0.0200609,-0.0206561,-0.021234,-0.0217951,-0.0223399,-0.0228688,-0.0233823,-0.0238808,-0.0243645,-0.024834,-0.0252896,-0.0257316,-0.0261602,-0.0265759,-0.0269788,-0.0273694,-0.0277477,-0.0281142,-0.028469,-0.0288123,-0.0291444,-0.0294655,-0.0297757,-0.0300753,-0.0303645,-0.0306434,-0.0309122,-0.031171,-0.03142,-0.0316593,-0.0318891,-0.0321095,-0.0323207,-0.0325226,-0.0327155,-0.0328995,-0.0330747,-0.033241,-0.0333988,-0.0335479,-0.0336886,-0.0338208,-0.0339447,-0.0340603,-0.0341676,-0.0342668,-0.0343579,-0.0344409,-0.0345159,-0.0345828,-0.0346419,-0.0346929,-0.0347361,-0.0347714,-0.0347989,-0.0348185,-0.0348302,-0.0348341,-0.0348302,-0.0348185,-0.0347989,-0.0347715,-0.0347362,-0.034693,-0.0346419,-0.0345829,-0.034516,-0.034441,-0.034358,-0.034267,-0.0341678,-0.0340604,-0.0339449,-0.033821,-0.0336888,-0.0335481,-0.033399,-0.0332413,-0.0330749,-0.0328998,-0.0327158,-0.0325229,-0.0323209,-0.0321098,-0.0318894,-0.0316596,-0.0314203,-0.0311713,-0.0309125,-0.0306437,-0.0303648,-0.0300757,-0.0297761,-0.0294658,-0.0291447,-0.0288126,-0.0284693,-0.0281145,-0.0277481,-0.0273697,-0.0269792,-0.0265762,-0.0261606,-0.0257319,-0.02529,-0.0248344,-0.0243649,-0.0238811,-0.0233827,-0.0228692,-0.0223402,-0.0217954,-0.0212343,-0.0206564,-0.0200612,-0.0194483,-0.018817,-0.0181667,-0.017497,-0.0168071,-0.0160964,-0.0153641,-0.0146096,-0.0138321,-0.0130307,-0.0122046,-0.0113529,-0.0104747,-0.00956894,-0.00863467,-0.00767082,-0.0066763,-0.00564998,-0.0045907,-0.00349728,-0.00236851,-0.00120317,1.51573e-26
0,-0.00123879,-0.0024397,-0.00360392,-0.00473262,-0.00582694,-0.00688803,-0.007917,-0.00891493,-0.00988287,-0.0108218,-0.0117328,-0.0126168,-0.0134746,-0.0143071,-0.0151153,-0.0158998,-0.0166615,-0.0174011,-0.0181193,-0.0188167,-0.0194939,-0.0201517,-0.0207906,-0.021411,-0.0220136,-0.0225988,-0.0231671,-0.0237189,-0.0242547,-0.0247749,-0.0252799,-0.0257701,-0.0262458,-0.0267073,-0.027155,-0.0275891,-0.0280101,-0.0284181,-0.0288134,-0.0291963,-0.0295671,-0.0299259,-0.030273,-0.0306086,-0.0309329,-0.0312461,-0.0315484,-0.03184,-0.032121,-0.0323916,-0.032652,-0.0329023,-0.0331426,-0.0333731,-0.0335939,-0.0338051,-0.0340069,-0.0341993,-0.0343825,-0.0345566,-0.0347216,-0.0348776,-0.0350247,-0.035163,-0.0352926,-0.0354135,-0.0355259,-0.0356296,-0.0357249,-0.0358117,-0.0358902,-0.0359602,-0.036022,-0.0360754,-0.0361206,-0.0361576,-0.0361863,-0.0362068,-0.0362191,-0.0362232,-0.0362191,-0.0362068,-0.0361863,-0.0361576,-0.0361207,-0.0360755,-0.0360221,-0.0359603,-0.0358903,-0.0358119,-0.0357251,-0.0356298,-0.035526,-0.0354137,-0.0352928,-0.0351632,-0.0350249,-0.0348778,-0.0347218,-0.0345568,-0.0343828,-0.0341996,-0.0340072,-0.0338054,-0.0335942,-0.0333734,-0.0331429,-0.0329026,-0.0326523,-0.032392,-0.0321214,-0.0318403,-0.0315488,-0.0312465,-0.0309333,-0.030609,-0.0302734,-0.0299263,-0.0295674,-0.0291967,-0.0288138,-0.0284185,-0.0280105,-0.0275895,-0.0271553,-0.0267077,-0.0262461,-0.0257705,-0.0252803,-0.0247753,-0.0242551,-0.0237193,-0.0231674,-0.0225991,-0.0220139,-0.0214113,-0.0207909,-0.020152,-0.0194943,-0.018817,-0.0181195,-0.0174014,-0.0166618,-0.0159001,-0.0151155,-0.0143074,-0.0134748,-0.012617,-0.011733,-0.010822,-0.00988303,-0.00891508,-0.00791713,-0.00688815,-0.00582704,-0.00473269,-0.00360398,-0.00243974,-0.00123881,-6.07057e-27
