0,0,0,0,0,0,0,0,0,0,0,0,0,0,0,0,0,0,0,0,0,0,0,0,0,0,0,0,0,0,0,0,0,0,0,0,0,0,0,0,0,0,0,0,0,0,0,0,0,0,0,0,0,0,0,0,0,0,0,0,0,0,0,0,0,0,0,0,0,0,0,0,0,0,0,0,0,0,0,0,0,0,0,0,0,0,0,0,0,0,0,0,0,0,0,0,0,0,0,0,0,0,0,0,0,0,0,0,0,0,0,0,0,0,0,0,0,0,0,0,0,0,0,0,0,0,0,0,0,0,0,0,0,0,0,0,0,0,0,0,0,0,0,0,0,0,0,0,0,0,0,0,0,0,0,0,0,0,0,0,0
0,-0.000118548,-0.000217565,-0.000304772,-0.0003838,-0.000456638,-0.000524511,-0.000588243,-0.000648426,-0.000705502,-0.000759817,-0.000811648,-0.00086122,-0.000908722,-0.000954314,-0.000998132,-0.00104029,-0.00108091,-0.00112006,-0.00115783,-0.00119429,-0.00122952,-0.00126356,-0.00129648,-0.00132832,-0.00135912,-0.00138893,-0.00141779,-0.00144573,-0.00147278,-0.00149897,-0.00152434,-0.00154891,-0.0015727,-0.00159573,-0.00161804,-0.00163963,-0.00166053,-0.00168076,-0.00170033,-0.00171926,-0.00173756,-0.00175525,-0.00177235,-0.00178886,-0.0018048,-0.00182017,-0.001835,-0.00184929,-0.00186305,-0.00187629,-0.00188902,-0.00190125,-0.00191298,-0.00192422,-0.00193499,-0.00194528,-0.00195511,-0.00196448,-0.00197339,-0.00198185,-0.00198987,-0.00199745,-0.0020046,-0.00201131,-0.0020176,-0.00202347,-0.00202892,-0.00203395,-0.00203857,-0.00204278,-0.00204658,-0.00204997,-0.00205296,-0.00205555,-0.00205774,-0.00205953,-0.00206092,-0.00206191,-0.0020625,-0.0020627,-0.0020625,-0.00206191,-0.00206092,-0.00205953,-0.00205774,-0.00205555,-0.00205296,-0.00204997,-0.00204658,-0.00204278,-0.00203857,-0.00203395,-0.00202892,-0.00202347,-0.0020176,-0.00201131,-0.0020046,-0.00199745,-0.00198987,-0.00198185,-0.00197339,-0.00196448,-0.00195511,-0.00194528,-0.00193499,-0.00192422,-0.00191298,-0.00190125,-0.00188902,-0.00187629,-0.00186305,-0.00184929,-0.001835,-0.00182017,-0.0018048,-0.00178886,-0.00177235,-0.00175525,-0.00173756,-0.00171926,-0.00170033,-0.00168076,-0.00166053,-0.00163963,-0.00161804,-0.00159573,-0.0015727,-0.00154891,-0.00152434,-0.00149897,-0.00147278,-0.00144573,-0.00141779,-0.00138893,-0.00135912,-0.00132832,-0.00129648,-0.00126356,-0.00122952,-0.00119429,-0.00115783,-0.00112006,-0.00108091,-0.00104029,-0.000998132,-0.000954314,-0.000908722,-0.00086122,-0.000811648,-0.000759817,-0.000705502,-0.000648426,-0.000588243,-0.000524511,-0.000456638,-0.0003838,-0.000304772,-0.000217565,-0.000118548,0
0,-0.000217565,-0.000407878,-0.000578661,-0.000734729,-0.00087918,-0.0010141,-0.00114098,-0.0012609,-0.00137471,-0.00148306,-0.0015865,-0.00168545,-0.0017803,-0.00187135,-0.00195886,-0.00204308,-0.00212422,-0.00220244,-0.00227791,-0.00235077,-0.00242117,-0.0024892,-0.00255498,-0.00261861,-0.00268018,-0.00273976,-0.00279744,-0.00285329,-0.00290736,-0.00295972,-0.00301043,-0.00305954,-0.0031071,-0.00315315,-0.00319774,-0.0032409,-0.00328269,-0.00332312,-0.00336225,-0.00340009,-0.00343669,-0.00347206,-0.00350623,-0.00353924,-0.00357111,-0.00360185,-0.0036315,-0.00366007,-0.00368758,-0.00371405,-0.0037395,-0.00376394,-0.0037874,-0.00380988,-0.00383141,-0.00385199,-0.00387163,-0.00389036,-0.00390818,-0.0039251,-0.00394114,-0.00395629,-0.00397058,-0.00398401,-0.00399658,-0.00400831,-0.00401921,-0.00402927,-0.0040385,-0.00404692,-0.00405452,-0.0040613,-0.00406728,-0.00407246,-0.00407683,-0.00408041,-0.00408319,-0.00408517,-0.00408636,-0.00408676,-0.00408636,-0.00408517,-0.00408319,-0.00408041,-0.00407683,-0.00407246,-0.00406728,-0.0040613,-0.00405452,-0.00404692,-0.0040385,-0.00402927,-0.00401921,-0.00400831,-0.00399658,-0.00398401,-0.00397058,-0.00395629,-0.00394114,-0.0039251,-0.00390818,-0.00389036,-0.00387163,-0.00385199,-0.00383141,-0.00380988,-0.0037874,-0.00376394,-0.0037395,-0.00371405,-0.00368758,-0.00366007,-0.0036315,-0.00360185,-0.00357111,-0.00353924,-0.00350623,-0.00347206,-0.00343669,-0.00340009,-0.00336225,-0.00332312,-0.00328269,-0.0032409,-0.00319774,-0.00315315,-0.0031071,-0.00305954,-0.00301043,-0.00295972,-0.00290736,-0.00285329,-0.00279744,-0.00273976,-0.00268018,-0.00261861,-0.00255498,-0.0024892,-0.00242117,-0.00235077,-0.00227791,-0.00220244,-0.00212422,-0.00204308,-0.00195886,-0.00187135,-0.0017803,-0.00168545,-0.0015865,-0.00148306,-0.00137471,-0.0012609,-0.00114098,-0.0010141,-0.00087918,-0.000734729,-0.000578661,-0.000407878,-0.000217565,0
0,-0.000304772,-0.000578661,-0.000828204,-0.00105822,-0.00127219,-0.00147268,-0.00166161,-0.00184043,-0.00201031,-0.00217217,-0.00232677,-0.00247474,-0.00261662,-0.00275286,-0.00288384,-0.00300992,-0.00313139,-0.00324852,-0.00336155,-0.00347068,-0.00357613,-0.00367804,-0.0037766,-0.00387193,-0.00396418,-0.00405346,-0.00413989,-0.00422358,-0.00430461,-0.00438309,-0.00445909,-0.00453269,-0.00460396,-0.00467299,-0.00473982,-0.00480452,-0.00486716,-0.00492777,-0.00498642,-0.00504315,-0.005098,-0.00515102,-0.00520226,-0.00525174,-0.00529951,-0.0053456,-0.00539005,-0.00543288,-0.00547412,-0.0055138,-0.00555196,-0.0055886,-0.00562377,-0.00565748,-0.00568975,-0.0057206,-0.00575006,-0.00577813,-0.00580485,-0.00583022,-0.00585426,-0.00587698,-0.0058984,-0.00591853,-0.00593739,-0.00595498,-0.00597131,-0.00598639,-0.00600024,-0.00601285,-0.00602425,-0.00603442,-0.00604339,-0.00605115,-0.00605771,-0.00606307,-0.00606724,-0.00607021,-0.006072,-0.00607259,-0.006072,-0.00607021,-0.00606724,-0.00606307,-0.00605771,-0.00605115,-0.00604339,-0.00603442,-0.00602425,-0.00601285,-0.00600024,-0.00598639,-0.00597131,-0.00595498,-0.00593739,-0.00591853,-0.0058984,-0.00587698,-0.00585426,-0.00583022,-0.00580485,-0.00577813,-0.00575006,-0.0057206,-0.00568975,-0.00565748,-0.00562377,-0.0055886,-0.00555196,-0.0055138,-0.00547412,-0.00543288,-0.00539005,-0.0053456,-0.00529951,-0.00525174,-0.00520226,-0.00515102,-0.005098,-0.00504315,-0.00498642,-0.00492777,-0.00486716,-0.00480452,-0.00473982,-0.00467299,-0.00460396,-0.00453269,-0.00445909,-0.00438309,-0.00430461,-0.00422358,-0.00413989,-0.00405346,-0.00396418,-0.00387193,-0.0037766,-0.00367804,-0.00357613,-0.00347068,-0.00336155,-0.00324852,-0.00313139,-0.00300992,-0.00288384,-0.00275286,-0.00261662,-0.00247474,-0.00232677,-0.00217217,-0.00201031,-0.00184043,-0.00166161,-0.00147268,-0.00127219,-0.00105822,-0.000828204,-0.000578661,-0.000304772,0
0,-0.0003838,-0.000734729,-0.00105822,-0.00135869,-0.00163963,-0.00190378,-0.00215328,-0.00238985,-0.00261488,-0.00282949,-0.00303463,-0.00323109,-0.00341954,-0.00360057,-0.00377468,-0.00394231,-0.00410386,-0.00425966,-0.00441003,-0.00455525,-0.00469557,-0.00483122,-0.0049624,-0.0050893,-0.00521211,-0.00533098,-0.00544606,-0.00555749,-0.0056654,-0.0057699,-0.00587111,-0.00596913,-0.00606407,-0.006156,-0.00624501,-0.0063312,-0.00641462,-0.00649537,-0.00657349,-0.00664906,-0.00672213,-0.00679277,-0.00686102,-0.00692694,-0.00699058,-0.00705199,-0.0071112,-0.00716826,-0.0072232,-0.00727608,-0.00732691,-0.00737574,-0.00742259,-0.0074675,-0.0075105,-0.00755161,-0.00759085,-0.00762826,-0.00766386,-0.00769766,-0.00772969,-0.00775997,-0.00778851,-0.00781534,-0.00784046,-0.0078639,-0.00788566,-0.00790576,-0.00792421,-0.00794102,-0.0079562,-0.00796976,-0.0079817,-0.00799204,-0.00800078,-0.00800793,-0.00801348,-0.00801744,-0.00801982,-0.00802061,-0.00801982,-0.00801744,-0.00801348,-0.00800793,-0.00800078,-0.00799204,-0.0079817,-0.00796976,-0.0079562,-0.00794102,-0.00792421,-0.00790576,-0.00788566,-0.0078639,-0.00784046,-0.00781534,-0.00778851,-0.00775997,-0.00772969,-0.00769766,-0.00766386,-0.00762826,-0.00759085,-0.00755161,-0.0075105,-0.0074675,-0.00742259,-0.00737574,-0.00732691,-0.00727608,-0.0072232,-0.00716826,-0.0071112,-0.00705199,-0.00699058,-0.00692694,-0.00686102,-0.00679277,-0.00672213,-0.00664906,-0.00657349,-0.00649537,-0.00641462,-0.0063312,-0.00624501,-0.006156,-0.00606407,-0.00596913,-0.00587111,-0.0057699,-0.0056654,-0.00555749,-0.00544606,-0.00533098,-0.00521211,-0.0050893,-0.0049624,-0.00483122,-0.00469557,-0.00455525,-0.00441003,-0.00425966,-0.00410386,-0.00394231,-0.00377468,-0.00360057,-0.00341954,-0.00323109,-0.00303463,-0.00282949,-0.00261488,-0.00238985,-0.00215328,-0.00190378,-0.00163963,-0.00135869,-0.00105822,-0.000734729,-0.0003838,0
0,-0.000456638,-0.00087918,-0.00127219,-0.00163963,-0.00198481,-0.00231047,-0.00261884,-0.00291178,-0.00319081,-0.00345723,-0.00371212,-0.00395639,-0.00419084,-0.00441616,-0.00463296,-0.00484176,-0.00504304,-0.0052372,-0.00542464,-0.00560569,-0.00578066,-0.00594983,-0.00611345,-0.00627175,-0.00642496,-0.00657327,-0.00671686,-0.00685591,-0.00699057,-0.00712099,-0.00724731,-0.00736966,-0.00748816,-0.00760291,-0.00771403,-0.00782162,-0.00792577,-0.00802657,-0.00812411,-0.00821846,-0.0083097,-0.00839789,-0.00848312,-0.00856543,-0.0086449,-0.00872157,-0.00879551,-0.00886676,-0.00893538,-0.0090014,-0.00906488,-0.00912586,-0.00918437,-0.00924046,-0.00929415,-0.00934549,-0.00939451,-0.00944123,-0.00948568,-0.0095279,-0.0095679,-0.00960572,-0.00964136,-0.00967486,-0.00970624,-0.00973551,-0.00976269,-0.00978779,-0.00981083,-0.00983183,-0.00985079,-0.00986773,-0.00988265,-0.00989556,-0.00990648,-0.0099154,-0.00992234,-0.00992729,-0.00993026,-0.00993124,-0.00993026,-0.00992729,-0.00992234,-0.0099154,-0.00990648,-0.00989556,-0.00988265,-0.00986773,-0.00985079,-0.00983183,-0.00981083,-0.00978779,-0.00976269,-0.00973551,-0.00970624,-0.00967486,-0.00964136,-0.00960572,-0.0095679,-0.0095279,-0.00948568,-0.00944123,-0.00939451,-0.00934549,-0.00929415,-0.00924046,-0.00918437,-0.00912586,-0.00906488,-0.0090014,-0.00893538,-0.00886676,-0.00879551,-0.00872157,-0.0086449,-0.00856543,-0.00848312,-0.00839789,-0.0083097,-0.00821846,-0.00812411,-0.00802657,-0.00792577,-0.00782162,-0.00771403,-0.00760291,-0.00748816,-0.00736966,-0.00724731,-0.00712099,-0.00699057,-0.00685591,-0.00671686,-0.00657327,-0.00642496,-0.00627175,-0.00611345,-0.00594983,-0.00578066,-0.00560569,-0.00542464,-0.0052372,-0.00504304,-0.00484176,-0.00463296,-0.00441616,-0.00419084,-0.00395639,-0.00371212,-0.00345723,-0.00319081,-0.00291178,-0.00261884,-0.00231047,-0.00198481,-0.00163963,-0.00127219,-0.00087918,-0.000456638,0
0,-0.000524511,-0.0010141,-0.00147268,-0.00190378,-0.00231047,-0.00269538,-0.00306078,-0.00340855,-0.00374033,-0.00405747,-0.00436118,-0.00465247,-0.00493224,-0.00520125,-0.00546021,-0.00570971,-0.00595029,-0.00618245,-0.00640662,-0.0066232,-0.00683254,-0.00703497,-0.00723079,-0.00742028,-0.00760369,-0.00778126,-0.0079532,-0.00811971,-0.00828098,-0.00843718,-0.00858849,-0.00873504,-0.00887699,-0.00901446,-0.00914759,-0.00927649,-0.00940128,-0.00952206,-0.00963893,-0.00975199,-0.00986132,-0.00996701,-0.0100691,-0.0101678,-0.010263,-0.0103549,-0.0104435,-0.0105289,-0.0106112,-0.0106903,-0.0107664,-0.0108395,-0.0109096,-0.0109768,-0.0110412,-0.0111027,-0.0111615,-0.0112175,-0.0112708,-0.0113214,-0.0113693,-0.0114147,-0.0114574,-0.0114976,-0.0115352,-0.0115703,-0.0116028,-0.0116329,-0.0116606,-0.0116857,-0.0117085,-0.0117288,-0.0117466,-0.0117621,-0.0117752,-0.0117859,-0.0117942,-0.0118002,-0.0118037,-0.0118049,-0.0118037,-0.0118002,-0.0117942,-0.0117859,-0.0117752,-0.0117621,-0.0117466,-0.0117288,-0.0117085,-0.0116857,-0.0116606,-0.0116329,-0.0116028,-0.0115703,-0.0115352,-0.0114976,-0.0114574,-0.0114147,-0.0113693,-0.0113214,-0.0112708,-0.0112175,-0.0111615,-0.0111027,-0.0110412,-0.0109768,-0.0109096,-0.0108395,-0.0107664,-0.0106903,-0.0106112,-0.0105289,-0.0104435,-0.0103549,-0.010263,-0.0101678,-0.0100691,-0.00996701,-0.00986132,-0.00975199,-0.00963893,-0.00952206,-0.00940128,-0.00927649,-0.00914759,-0.00901446,-0.00887699,-0.00873504,-0.00858849,-0.00843718,-0.00828098,-0.00811971,-0.0079532,-0.00778126,-0.00760369,-0.00742028,-0.00723079,-0.00703497,-0.00683254,-0.0066232,-0.00640662,-0.00618245,-0.00595029,-0.00570971,-0.00546021,-0.00520125,-0.00493224,-0.00465247,-0.00436118,-0.00405747,-0.00374033,-0.00340855,-0.00306078,-0.00269538,-0.00231047,-0.00190378,-0.00147268,-0.0010141,-0.000524511,0
0,-0.000588243,-0.00114098,-0.00166161,-0.00215328,-0.00261884,-0.00306078,-0.0034813,-0.00388229,-0.00426542,-0.00463212,-0.00498363,-0.00532105,-0.00564535,-0.00595738,-0.00625788,-0.00654754,-0.00682696,-0.00709667,-0.00735718,-0.00760892,-0.00785231,-0.00808771,-0.00831547,-0.00853589,-0.00874927,-0.00895588,-0.00915597,-0.00934975,-0.00953746,-0.00971929,-0.00989542,-0.010066,-0.0102313,-0.0103914,-0.0105464,-0.0106965,-0.0108418,-0.0109825,-0.0111186,-0.0112503,-0.0113776,-0.0115007,-0.0116197,-0.0117346,-0.0118455,-0.0119526,-0.0120558,-0.0121553,-0.0122511,-0.0123433,-0.0124319,-0.0125171,-0.0125988,-0.0126771,-0.0127521,-0.0128238,-0.0128923,-0.0129575,-0.0130196,-0.0130786,-0.0131345,-0.0131873,-0.0132371,-0.0132839,-0.0133277,-0.0133686,-0.0134065,-0.0134416,-0.0134738,-0.0135031,-0.0135296,-0.0135533,-0.0135741,-0.0135922,-0.0136074,-0.0136199,-0.0136296,-0.0136365,-0.0136406,-0.013642,-0.0136406,-0.0136365,-0.0136296,-0.0136199,-0.0136074,-0.0135922,-0.0135741,-0.0135533,-0.0135296,-0.0135031,-0.0134738,-0.0134416,-0.0134065,-0.0133686,-0.0133277,-0.0132839,-0.0132371,-0.0131873,-0.0131345,-0.0130786,-0.0130196,-0.0129575,-0.0128923,-0.0128238,-0.0127521,-0.0126771,-0.0125988,-0.0125171,-0.0124319,-0.0123433,-0.0122511,-0.0121553,-0.0120558,-0.0119526,-0.0118455,-0.0117346,-0.0116197,-0.0115007,-0.0113776,-0.0112503,-0.0111186,-0.0109825,-0.0108418,-0.0106965,-0.0105464,-0.0103914,-0.0102313,-0.010066,-0.00989542,-0.00971929,-0.00953746,-0.00934975,-0.00915597,-0.00895588,-0.00874927,-0.00853589,-0.00831547,-0.00808771,-0.00785231,-0.00760892,-0.00735718,-0.00709667,-0.00682696,-0.00654754,-0.00625788,-0.00595738,-0.00564535,-0.00532105,-0.00498363,-0.00463212,-0.00426542,-0.00388229,-0.0034813,-0.00306078,-0.00261884,-0.00215328,-0.00166161,-0.00114098,-0.000588243,0
0,-0.000648426,-0.0012609,-0.00184043,-0.00238985,-0.00291178,-0.00340855,-0.00388229,-0.00433486,-0.00476791,-0.00518291,-0.00558113,-0.00596373,-0.00633172,-0.006686,-0.00702739,-0.0073566,-0.00767431,-0.00798109,-0.00827749,-0.008564,-0.00884106,-0.00910909,-0.00936847,-0.00961955,-0.00986264,-0.010098,-0.010326,-0.0105469,-0.0107608,-0.0109681,-0.0111689,-0.0113634,-0.0115519,-0.0117344,-0.0119111,-0.0120823,-0.0122481,-0.0124085,-0.0125637,-0.0127139,-0.0128592,-0.0129996,-0.0131353,-0.0132664,-0.013393,-0.0135151,-0.0136329,-0.0137464,-0.0138557,-0.0139609,-0.014062,-0.0141592,-0.0142524,-0.0143418,-0.0144274,-0.0145092,-0.0145873,-0.0146618,-0.0147326,-0.0147999,-0.0148637,-0.014924,-0.0149808,-0.0150342,-0.0150842,-0.0151309,-0.0151742,-0.0152142,-0.015251,-0.0152844,-0.0153147,-0.0153417,-0.0153655,-0.0153861,-0.0154035,-0.0154177,-0.0154287,-0.0154366,-0.0154414,-0.0154429,-0.0154414,-0.0154366,-0.0154287,-0.0154177,-0.0154035,-0.0153861,-0.0153655,-0.0153417,-0.0153147,-0.0152844,-0.015251,-0.0152142,-0.0151742,-0.0151309,-0.0150842,-0.0150342,-0.0149808,-0.014924,-0.0148637,-0.0147999,-0.0147326,-0.0146618,-0.0145873,-0.0145092,-0.0144274,-0.0143418,-0.0142524,-0.0141592,-0.014062,-0.0139609,-0.0138557,-0.0137464,-0.0136329,-0.0135151,-0.013393,-0.0132664,-0.0131353,-0.0129996,-0.0128592,-0.0127139,-0.0125637,-0.0124085,-0.0122481,-0.0120823,-0.0119111,-0.0117344,-0.0115519,-0.0113634,-0.0111689,-0.0109681,-0.0107608,-0.0105469,-0.010326,-0.010098,-0.00986264,-0.00961955,-0.00936847,-0.00910909,-0.00884106,-0.008564,-0.00827749,-0.00798109,-0.00767431,-0.0073566,-0.00702739,-0.006686,-0.00633172,-0.00596373,-0.00558113,-0.00518291,-0.00476791,-0.00433486,-0.00388229,-0.00340855,-0.00291178,-0.00238985,-0.00184043,-0.0012609,-0.000648426,0
0,-0.000705502,-0.00137471,-0.00201031,-0.00261488,-0.00319081,-0.00374033,-0.00426542,-0.00476791,-0.00524943,-0.00571144,-0.00615523,-0.006582,-0.00699277,-0.0073885,-0.00777005,-0.00813817,-0.00849357,-0.00883689,-0.00916869,-0.00948952,-0.00979986,-0.0101001,-0.0103908,-0.0106722,-0.0109447,-0.0112086,-0.0114643,-0.011712,-0.0119519,-0.0121844,-0.0124097,-0.0126279,-0.0128394,-0.0130442,-0.0132425,-0.0134347,-0.0136207,-0.0138007,-0.013975,-0.0141436,-0.0143067,-0.0144643,-0.0146167,-0.0147638,-0.0149059,-0.0150431,-0.0151753,-0.0153028,-0.0154255,-0.0155436,-0.0156572,-0.0157663,-0.015871,-0.0159714,-0.0160675,-0.0161594,-0.0162471,-0.0163308,-0.0164103,-0.0164859,-0.0165575,-0.0166252,-0.0166891,-0.0167491,-0.0168052,-0.0168576,-0.0169063,-0.0169513,-0.0169925,-0.0170301,-0.0170641,-0.0170944,-0.0171211,-0.0171443,-0.0171638,-0.0171798,-0.0171922,-0.0172011,-0.0172064,-0.0172082,-0.0172064,-0.0172011,-0.0171922,-0.0171798,-0.0171638,-0.0171443,-0.0171211,-0.0170944,-0.0170641,-0.0170301,-0.0169925,-0.0169513,-0.0169063,-0.0168576,-0.0168052,-0.0167491,-0.0166891,-0.0166252,-0.0165575,-0.0164859,-0.0164103,-0.0163308,-0.0162471,-0.0161594,-0.0160675,-0.0159714,-0.015871,-0.0157663,-0.0156572,-0.0155436,-0.0154255,-0.0153028,-0.0151753,-0.0150431,-0.0149059,-0.0147638,-0.0146167,-0.0144643,-0.0143067,-0.0141436,-0.013975,-0.0138007,-0.0136207,-0.0134347,-0.0132425,-0.0130442,-0.0128394,-0.0126279,-0.0124097,-0.0121844,-0.0119519,-0.011712,-0.0114643,-0.0112086,-0.0109447,-0.0106722,-0.0103908,-0.0101001,-0.00979986,-0.00948952,-0.00916869,-0.00883689,-0.00849357,-0.00813817,-0.00777005,-0.0073885,-0.00699277,-0.006582,-0.00615523,-0.00571144,-0.00524943,-0.00476791,-0.00426542,-0.00374033,-0.00319081,-0.00261488,-0.00201031,-0.00137471,-0.000705502,0
0,-0.000759817,-0.00148306,-0.00217217,-0.00282949,-0.00345723,-0.00405747,-0.00463212,-0.00518291,-0.00571144,-0.00621915,-0.00670735,-0.00717723,-0.00762985,-0.00806619,-0.00848712,-0.00889346,-0.00928593,-0.0096652,-0.0100319,-0.0103866,-0.0107297,-0.0110618,-0.0113834,-0.0116948,-0.0119964,-0.0122885,-0.0125716,-0.0128458,-0.0131115,-0.013369,-0.0136185,-0.0138603,-0.0140945,-0.0143214,-0.0145413,-0.0147541,-0.0149603,-0.0151598,-0.015353,-0.0155399,-0.0157206,-0.0158954,-0.0160643,-0.0162274,-0.016385,-0.016537,-0.0166836,-0.0168249,-0.016961,-0.017092,-0.017218,-0.017339,-0.0174551,-0.0175664,-0.017673,-0.0177749,-0.0178722,-0.0179649,-0.0180532,-0.018137,-0.0182164,-0.0182915,-0.0183623,-0.0184288,-0.0184911,-0.0185493,-0.0186032,-0.0186531,-0.0186989,-0.0187406,-0.0187782,-0.0188119,-0.0188415,-0.0188672,-0.0188889,-0.0189066,-0.0189204,-0.0189302,-0.0189361,-0.0189381,-0.0189361,-0.0189302,-0.0189204,-0.0189066,-0.0188889,-0.0188672,-0.0188415,-0.0188119,-0.0187782,-0.0187406,-0.0186989,-0.0186531,-0.0186032,-0.0185493,-0.0184911,-0.0184288,-0.0183623,-0.0182915,-0.0182164,-0.018137,-0.0180532,-0.0179649,-0.0178722,-0.0177749,-0.017673,-0.0175664,-0.0174551,-0.017339,-0.017218,-0.017092,-0.016961,-0.0168249,-0.0166836,-0.016537,-0.016385,-0.0162274,-0.0160643,-0.0158954,-0.0157206,-0.0155399,-0.015353,-0.0151598,-0.0149603,-0.0147541,-0.0145413,-0.0143214,-0.0140945,-0.0138603,-0.0136185,-0.013369,-0.0131115,-0.0128458,-0.0125716,-0.0122885,-0.0119964,-0.0116948,-0.0113834,-0.0110618,-0.0107297,-0.0103866,-0.0100319,-0.0096652,-0.00928593,-0.00889346,-0.00848712,-0.00806619,-0.00762985,-0.00717723,-0.00670735,-0.00621915,-0.00571144,-0.00518291,-0.00463212,-0.00405747,-0.00345723,-0.00282949,-0.00217217,-0.00148306,-0.000759817,0
0,-0.000811648,-0.0015865,-0.00232677,-0.00303463,-0.00371212,-0.00436118,-0.00498363,-0.00558113,-0.00615523,-0.00670735,-0.00723878,-0.00775071,-0.00824421,-0.00872027,-0.0091798,-0.00962362,-0.0100525,-0.0104671,-0.0108681,-0.0112561,-0.0116316,-0.0119952,-0.0123472,-0.0126882,-0.0130185,-0.0133386,-0.0136487,-0.0139492,-0.0142404,-0.0145227,-0.0147962,-0.0150612,-0.0153181,-0.0155669,-0.015808,-0.0160415,-0.0162676,-0.0164865,-0.0166983,-0.0169033,-0.0171016,-0.0172934,-0.0174787,-0.0176577,-0.0178306,-0.0179974,-0.0181583,-0.0183134,-0.0184628,-0.0186066,-0.0187448,-0.0188776,-0.019005,-0.0191272,-0.0192442,-0.0193561,-0.0194629,-0.0195647,-0.0196616,-0.0197536,-0.0198408,-0.0199232,-0.0200009,-0.020074,-0.0201424,-0.0202062,-0.0202654,-0.0203202,-0.0203704,-0.0204162,-0.0204576,-0.0204945,-0.020527,-0.0205552,-0.020579,-0.0205985,-0.0206136,-0.0206244,-0.0206309,-0.020633,-0.0206309,-0.0206244,-0.0206136,-0.0205985,-0.020579,-0.0205552,-0.020527,-0.0204945,-0.0204576,-0.0204162,-0.0203704,-0.0203202,-0.0202654,-0.0202062,-0.0201424,-0.020074,-0.0200009,-0.0199232,-0.0198408,-0.0197536,-0.0196616,-0.0195647,-0.0194629,-0.0193561,-0.0192442,-0.0191272,-0.019005,-0.0188776,-0.0187448,-0.0186066,-0.0184628,-0.0183134,-0.0181583,-0.0179974,-0.0178306,-0.0176577,-0.0174787,-0.0172934,-0.0171016,-0.0169033,-0.0166983,-0.0164865,-0.0162676,-0.0160415,-0.015808,-0.0155669,-0.0153181,-0.0150612,-0.0147962,-0.0145227,-0.0142404,-0.0139492,-0.0136487,-0.0133386,-0.0130185,-0.0126882,-0.0123472,-0.0119952,-0.0116316,-0.0112561,-0.0108681,-0.0104671,-0.0100525,-0.00962362,-0.0091798,-0.00872027,-0.00824421,-0.00775071,-0.00723878,-0.00670735,-0.00615523,-0.00558113,-0.00498363,-0.00436118,-0.00371212,-0.00303463,-0.00232677,-0.0015865,-0.000811648,0
0,-0.00086122,-0.00168545,-0.00247474,-0.00323109,-0.00395639,-0.00465247,-0.00532105,-0.00596373,-0.006582,-0.00717723,-0.00775071,-0.0083036,-0.008837,-0.00935189,-0.00984918,-0.0103297,-0.0107943,-0.0112436,-0.0116784,-0.0120992,-0.0125065,-0.012901,-0.0132831,-0.0136533,-0.014012,-0.0143596,-0.0146964,-0.0150229,-0.0153394,-0.0156461,-0.0159434,-0.0162315,-0.0165107,-0.0167812,-0.0170434,-0.0172972,-0.0175431,-0.0177812,-0.0180116,-0.0182346,-0.0184503,-0.0186589,-0.0188605,-0.0190553,-0.0192434,-0.0194249,-0.0196,-0.0197688,-0.0199313,-0.0200877,-0.0202382,-0.0203827,-0.0205214,-0.0206544,-0.0207817,-0.0209034,-0.0210197,-0.0211305,-0.021236,-0.0213361,-0.021431,-0.0215208,-0.0216054,-0.0216849,-0.0217593,-0.0218288,-0.0218933,-0.0219529,-0.0220076,-0.0220575,-0.0221025,-0.0221427,-0.0221781,-0.0222088,-0.0222347,-0.0222559,-0.0222723,-0.0222841,-0.0222912,-0.0222935,-0.0222912,-0.0222841,-0.0222723,-0.0222559,-0.0222347,-0.0222088,-0.0221781,-0.0221427,-0.0221025,-0.0220575,-0.0220076,-0.0219529,-0.0218933,-0.0218288,-0.0217593,-0.0216849,-0.0216054,-0.0215208,-0.021431,-0.0213361,-0.021236,-0.0211305,-0.0210197,-0.0209034,-0.0207817,-0.0206544,-0.0205214,-0.0203827,-0.0202382,-0.0200877,-0.0199313,-0.0197688,-0.0196,-0.0194249,-0.0192434,-0.0190553,-0.0188605,-0.0186589,-0.0184503,-0.0182346,-0.0180116,-0.0177812,-0.0175431,-0.0172972,-0.0170434,-0.0167812,-0.0165107,-0.0162315,-0.0159434,-0.0156461,-0.0153394,-0.0150229,-0.0146964,-0.0143596,-0.014012,-0.0136533,-0.0132831,-0.012901,-0.0125065,-0.0120992,-0.0116784,-0.0112436,-0.0107943,-0.0103297,-0.00984918,-0.00935189,-0.008837,-0.0083036,-0.00775071,-0.00717723,-0.006582,-0.00596373,-0.00532105,-0.00465247,-0.00395639,-0.00323109,-0.00247474,-0.00168545,-0.00086122,0
0,-0.000908722,-0.0017803,-0.00261662,-0.00341954,-0.00419084,-0.00493224,-0.00564535,-0.00633172,-0.00699277,-0.00762985,-0.00824421,-0.008837,-0.0094093,-0.0099621,-0.0104963,-0.0110128,-0.0115124,-0.0119958,-0.0124637,-0.0129167,-0.0133553,-0.0137803,-0.014192,-0.014591,-0.0149776,-0.0153524,-0.0157157,-0.0160678,-0.0164092,-0.0167401,-0.0170608,-0.0173718,-0.0176731,-0.0179651,-0.018248,-0.0185221,-0.0187876,-0.0190447,-0.0192935,-0.0195343,-0.0197673,-0.0199926,-0.0202103,-0.0204207,-0.0206239,-0.02082,-0.0210091,-0.0211915,-0.0213671,-0.0215361,-0.0216986,-0.0218548,-0.0220047,-0.0221484,-0.0222859,-0.0224175,-0.0225431,-0.0226629,-0.0227769,-0.0228851,-0.0229877,-0.0230847,-0.0231761,-0.023262,-0.0233425,-0.0234176,-0.0234873,-0.0235517,-0.0236109,-0.0236647,-0.0237134,-0.0237568,-0.0237951,-0.0238283,-0.0238563,-0.0238792,-0.023897,-0.0239097,-0.0239173,-0.0239199,-0.0239173,-0.0239097,-0.023897,-0.0238792,-0.0238563,-0.0238283,-0.0237951,-0.0237568,-0.0237134,-0.0236647,-0.0236109,-0.0235517,-0.0234873,-0.0234176,-0.0233425,-0.023262,-0.0231761,-0.0230847,-0.0229877,-0.0228851,-0.0227769,-0.0226629,-0.0225431,-0.0224175,-0.0222859,-0.0221484,-0.0220047,-0.0218548,-0.0216986,-0.0215361,-0.0213671,-0.0211915,-0.0210091,-0.02082,-0.0206239,-0.0204207,-0.0202103,-0.0199926,-0.0197673,-0.0195343,-0.0192935,-0.0190447,-0.0187876,-0.0185221,-0.018248,-0.0179651,-0.0176731,-0.0173718,-0.0170608,-0.0167401,-0.0164092,-0.0160678,-0.0157157,-0.0153524,-0.0149776,-0.014591,-0.014192,-0.0137803,-0.0133553,-0.0129167,-0.0124637,-0.0119958,-0.0115124,-0.0110128,-0.0104963,-0.0099621,-0.0094093,-0.008837,-0.00824421,-0.00762985,-0.00699277,-0.00633172,-0.00564535,-0.00493224,-0.00419084,-0.00341954,-0.00261662,-0.0017803,-0.000908722,0
0,-0.000954314,-0.00187135,-0.00275286,-0.00360057,-0.00441616,-0.00520125,-0.00595738,-0.006686,-0.0073885,-0.00806619,-0.00872027,-0.00935189,-0.0099621,-0.0105519,-0.0111222,-0.0116739,-0.0122077,-0.0127245,-0.0132249,-0.0137095,-0.014179,-0.0146339,-0.0150747,-0.015502,-0.0159162,-0.0163178,-0.0167071,-0.0170845,-0.0174505,-0.0178053,-0.0181492,-0.0184827,-0.0188059,-0.0191192,-0.0194227,-0.0197168,-0.0200016,-0.0202775,-0.0205446,-0.020803,-0.0210531,-0.0212949,-0.0215286,-0.0217545,-0.0219726,-0.0221832,-0.0223863,-0.022582,-0.0227706,-0.0229521,-0.0231267,-0.0232944,-0.0234553,-0.0236096,-0.0237574,-0.0238987,-0.0240336,-0.0241623,-0.0242847,-0.0244009,-0.0245111,-0.0246153,-0.0247135,-0.0248058,-0.0248923,-0.0249729,-0.0250478,-0.025117,-0.0251806,-0.0252384,-0.0252907,-0.0253374,-0.0253785,-0.0254141,-0.0254442,-0.0254688,-0.025488,-0.0255016,-0.0255098,-0.0255125,-0.0255098,-0.0255016,-0.025488,-0.0254688,-0.0254442,-0.0254141,-0.0253785,-0.0253374,-0.0252907,-0.0252384,-0.0251806,-0.025117,-0.0250478,-0.0249729,-0.0248923,-0.0248058,-0.0247135,-0.0246153,-0.0245111,-0.0244009,-0.0242847,-0.0241623,-0.0240336,-0.0238987,-0.0237574,-0.0236096,-0.0234553,-0.0232944,-0.0231267,-0.0229521,-0.0227706,-0.022582,-0.0223863,-0.0221832,-0.0219726,-0.0217545,-0.0215286,-0.0212949,-0.0210531,-0.020803,-0.0205446,-0.0202775,-0.0200016,-0.0197168,-0.0194227,-0.0191192,-0.0188059,-0.0184827,-0.0181492,-0.0178053,-0.0174505,-0.0170845,-0.0167071,-0.0163178,-0.0159162,-0.015502,-0.0150747,-0.0146339,-0.014179,-0.0137095,-0.0132249,-0.0127245,-0.0122077,-0.0116739,-0.0111222,-0.0105519,-0.0099621,-0.00935189,-0.00872027,-0.00806619,-0.0073885,-0.006686,-0.00595738,-0.00520125,-0.00441616,-0.00360057,-0.00275286,-0.00187135,-0.000954314,0
0,-0.000998132,-0.00195886,-0.00288384,-0.00377468,-0.00463296,-0.00546021,-0.00625788,-0.00702739,-0.00777005,-0.00848712,-0.0091798,-0.00984918,-0.0104963,-0.0111222,-0.0117278,-0.0123138,-0.0128812,-0.0134306,-0.0139629,-0.0144785,-0.0149782,-0.0154625,-0.015932,-0.0163872,-0.0168285,-0.0172565,-0.0176714,-0.0180738,-0.018464,-0.0188424,-0.0192093,-0.019565,-0.0199098,-0.020244,-0.0205679,-0.0208818,-0.0211858,-0.0214803,-0.0217653,-0.0220413,-0.0223082,-0.0225664,-0.022816,-0.0230572,-0.0232901,-0.023515,-0.0237319,-0.023941,-0.0241424,-0.0243363,-0.0245227,-0.0247018,-0.0248738,-0.0250386,-0.0251965,-0.0253475,-0.0254916,-0.0256291,-0.0257598,-0.0258841,-0.0260018,-0.0261131,-0.0262181,-0.0263167,-0.0264091,-0.0264953,-0.0265753,-0.0266492,-0.0267171,-0.026779,-0.0268348,-0.0268847,-0.0269287,-0.0269667,-0.0269989,-0.0270252,-0.0270456,-0.0270602,-0.027069,-0.0270719,-0.027069,-0.0270602,-0.0270456,-0.0270252,-0.0269989,-0.0269667,-0.0269287,-0.0268847,-0.0268348,-0.026779,-0.0267171,-0.0266492,-0.0265753,-0.0264953,-0.0264091,-0.0263167,-0.0262181,-0.0261131,-0.0260018,-0.0258841,-0.0257598,-0.0256291,-0.0254916,-0.0253475,-0.0251965,-0.0250386,-0.0248738,-0.0247018,-0.0245227,-0.0243363,-0.0241424,-0.023941,-0.0237319,-0.023515,-0.0232901,-0.0230572,-0.022816,-0.0225664,-0.0223082,-0.0220413,-0.0217653,-0.0214803,-0.0211858,-0.0208818,-0.0205679,-0.020244,-0.0199098,-0.019565,-0.0192093,-0.0188424,-0.018464,-0.0180738,-0.0176714,-0.0172565,-0.0168285,-0.0163872,-0.015932,-0.0154625,-0.0149782,-0.0144785,-0.0139629,-0.0134306,-0.0128812,-0.0123138,-0.0117278,-0.0111222,-0.0104963,-0.00984918,-0.0091798,-0.00848712,-0.00777005,-0.00702739,-0.00625788,-0.00546021,-0.00463296,-0.00377468,-0.00288384,-0.00195886,-0.000998132,0
0,-0.00104029,-0.00204308,-0.00300992,-0.00394231,-0.00484176,-0.00570971,-0.00654754,-0.0073566,-0.00813817,-0.00889346,-0.00962362,-0.0103297,-0.0110128,-0.0116739,-0.0123138,-0.0129335,-0.0135336,-0.0141151,-0.0146785,-0.0152246,-0.0157539,-0.0162671,-0.0167647,-0.0172473,-0.0177153,-0.0181692,-0.0186094,-0.0190364,-0.0194505,-0.0198521,-0.0202416,-0.0206193,-0.0209854,-0.0213404,-0.0216844,-0.0220178,-0.0223407,-0.0226535,-0.0229564,-0.0232496,-0.0235333,-0.0238077,-0.024073,-0.0243293,-0.0245769,-0.0248159,-0.0250465,-0.0252688,-0.0254829,-0.025689,-0.0258873,-0.0260777,-0.0262606,-0.0264359,-0.0266037,-0.0267643,-0.0269176,-0.0270637,-0.0272028,-0.0273349,-0.0274601,-0.0275785,-0.0276901,-0.027795,-0.0278933,-0.027985,-0.0280701,-0.0281488,-0.028221,-0.0282868,-0.0283462,-0.0283992,-0.028446,-0.0284865,-0.0285207,-0.0285487,-0.0285704,-0.0285859,-0.0285952,-0.0285983,-0.0285952,-0.0285859,-0.0285704,-0.0285487,-0.0285207,-0.0284865,-0.028446,-0.0283992,-0.0283462,-0.0282868,-0.028221,-0.0281488,-0.0280701,-0.027985,-0.0278933,-0.027795,-0.0276901,-0.0275785,-0.0274601,-0.0273349,-0.0272028,-0.0270637,-0.0269176,-0.0267643,-0.0266037,-0.0264359,-0.0262606,-0.0260777,-0.0258873,-0.025689,-0.0254829,-0.0252688,-0.0250465,-0.0248159,-0.0245769,-0.0243293,-0.024073,-0.0238077,-0.0235333,-0.0232496,-0.0229564,-0.0226535,-0.0223407,-0.0220178,-0.0216844,-0.0213404,-0.0209854,-0.0206193,-0.0202416,-0.0198521,-0.0194505,-0.0190364,-0.0186094,-0.0181692,-0.0177153,-0.0172473,-0.0167647,-0.0162671,-0.0157539,-0.0152246,-0.0146785,-0.0141151,-0.0135336,-0.0129335,-0.0123138,-0.0116739,-0.0110128,-0.0103297,-0.00962362,-0.00889346,-0.00813817,-0.0073566,-0.00654754,-0.00570971,-0.00484176,-0.00394231,-0.00300992,-0.00204308,-0.00104029,0
0,-0.00108091,-0.00212422,-0.00313139,-0.00410386,-0.00504304,-0.00595029,-0.00682696,-0.00767431,-0.00849357,-0.00928593,-0.0100525,-0.0107943,-0.0115124,-0.0122077,-0.0128812,-0.0135336,-0.0141658,-0.0147785,-0.0153725,-0.0159484,-0.0165068,-0.0170484,-0.0175736,-0.0180831,-0.0185773,-0.0190568,-0.0195218,-0.019973,-0.0204107,-0.0208352,-0.0212469,-0.0216462,-0.0220334,-0.0224088,-0.0227726,-0.0231253,-0.023467,-0.0237979,-0.0241184,-0.0244287,-0.0247289,-0.0250193,-0.0253001,-0.0255714,-0.0258335,-0.0260865,-0.0263306,-0.0265659,-0.0267927,-0.0270109,-0.0272208,-0.0274225,-0.0276161,-0.0278017,-0.0279795,-0.0281495,-0.0283119,-0.0284667,-0.028614,-0.028754,-0.0288866,-0.029012,-0.0291302,-0.0292413,-0.0293454,-0.0294425,-0.0295327,-0.029616,-0.0296925,-0.0297622,-0.0298251,-0.0298813,-0.0299309,-0.0299738,-0.03001,-0.0300396,-0.0300627,-0.0300791,-0.030089,-0.0300922,-0.030089,-0.0300791,-0.0300627,-0.0300396,-0.03001,-0.0299738,-0.0299309,-0.0298813,-0.0298251,-0.0297622,-0.0296925,-0.029616,-0.0295327,-0.0294425,-0.0293454,-0.0292413,-0.0291302,-0.029012,-0.0288866,-0.028754,-0.028614,-0.0284667,-0.0283119,-0.0281495,-0.0279795,-0.0278017,-0.0276161,-0.0274225,-0.0272208,-0.0270109,-0.0267927,-0.0265659,-0.0263306,-0.0260865,-0.0258335,-0.0255714,-0.0253001,-0.0250193,-0.0247289,-0.0244287,-0.0241184,-0.0237979,-0.023467,-0.0231253,-0.0227726,-0.0224088,-0.0220334,-0.0216462,-0.0212469,-0.0208352,-0.0204107,-0.019973,-0.0195218,-0.0190568,-0.0185773,-0.0180831,-0.0175736,-0.0170484,-0.0165068,-0.0159484,-0.0153725,-0.0147785,-0.0141658,-0.0135336,-0.0128812,-0.0122077,-0.0115124,-0.0107943,-0.0100525,-0.00928593,-0.00849357,-0.00767431,-0.00682696,-0.00595029,-0.00504304,-0.00410386,-0.00313139,-0.00212422,-0.00108091,0
0,-0.00112006,-0.00220244,-0.00324852,-0.00425966,-0.0052372,-0.00618245,-0.00709667,-0.00798109,-0.00883689,-0.0096652,-0.0104671,-0.0112436,-0.0119958,-0.0127245,-0.0134306,-0.0141151,-0.0147785,-0.0154219,-0.0160457,-0.0166507,-0.0172376,-0.017807,-0.0183593,-0.0188953,-0.0194152,-0.0199197,-0.0204093,-0.0208842,-0.021345,-0.0217921,-0.0222258,-0.0226464,-0.0230543,-0.0234498,-0.0238333,-0.0242049,-0.0245651,-0.024914,-0.0252518,-0.0255789,-0.0258955,-0.0262017,-0.0264978,-0.026784,-0.0270604,-0.0273272,-0.0275847,-0.027833,-0.0280721,-0.0283024,-0.0285238,-0.0287366,-0.0289409,-0.0291367,-0.0293243,-0.0295037,-0.0296751,-0.0298384,-0.0299939,-0.0301415,-0.0302815,-0.0304138,-0.0305386,-0.0306559,-0.0307658,-0.0308682,-0.0309634,-0.0310514,-0.0311321,-0.0312056,-0.0312721,-0.0313314,-0.0313837,-0.031429,-0.0314672,-0.0314985,-0.0315228,-0.0315402,-0.0315506,-0.031554,-0.0315506,-0.0315402,-0.0315228,-0.0314985,-0.0314672,-0.031429,-0.0313837,-0.0313314,-0.0312721,-0.0312056,-0.0311321,-0.0310514,-0.0309634,-0.0308682,-0.0307658,-0.0306559,-0.0305386,-0.0304138,-0.0302815,-0.0301415,-0.0299939,-0.0298384,-0.0296751,-0.0295037,-0.0293243,-0.0291367,-0.0289409,-0.0287366,-0.0285238,-0.0283024,-0.0280721,-0.027833,-0.0275847,-0.0273272,-0.0270604,-0.026784,-0.0264978,-0.0262017,-0.0258955,-0.0255789,-0.0252518,-0.024914,-0.0245651,-0.0242049,-0.0238333,-0.0234498,-0.0230543,-0.0226464,-0.0222258,-0.0217921,-0.021345,-0.0208842,-0.0204093,-0.0199197,-0.0194152,-0.0188953,-0.0183593,-0.017807,-0.0172376,-0.0166507,-0.0160457,-0.0154219,-0.0147785,-0.0141151,-0.0134306,-0.0127245,-0.0119958,-0.0112436,-0.0104671,-0.0096652,-0.00883689,-0.00798109,-0.00709667,-0.00618245,-0.0052372,-0.00425966,-0.00324852,-0.00220244,-0.00112006,0
0,-0.00115783,-0.00227791,-0.00336155,-0.00441003,-0.00542464,-0.00640662,-0.00735718,-0.00827749,-0.00916869,-0.0100319,-0.0108681,-0.0116784,-0.0124637,-0.0132249,-0.0139629,-0.0146785,-0.0153725,-0.0160457,-0.0166988,-0.0173324,-0.0179471,-0.0185437,-0.0191226,-0.0196845,-0.0202297,-0.0207589,-0.0212724,-0.0217707,-0.0222543,-0.0227236,-0.0231788,-0.0236204,-0.0240488,-0.0244642,-0.0248669,-0.0252573,-0.0256356,-0.0260022,-0.0263572,-0.0267009,-0.0270336,-0.0273554,-0.0276667,-0.0279675,-0.028258,-0.0285386,-0.0288093,-0.0290703,-0.0293218,-0.0295639,-0.0297967,-0.0300205,-0.0302353,-0.0304413,-0.0306386,-0.0308273,-0.0310075,-0.0311793,-0.0313428,-0.0314982,-0.0316454,-0.0317846,-0.0319158,-0.0320392,-0.0321548,-0.0322626,-0.0323627,-0.0324552,-0.0325402,-0.0326176,-0.0326874,-0.0327499,-0.0328049,-0.0328525,-0.0328928,-0.0329257,-0.0329512,-0.0329695,-0.0329805,-0.0329841,-0.0329805,-0.0329695,-0.0329512,-0.0329257,-0.0328928,-0.0328525,-0.0328049,-0.0327499,-0.0326874,-0.0326176,-0.0325402,-0.0324552,-0.0323627,-0.0322626,-0.0321548,-0.0320392,-0.0319158,-0.0317846,-0.0316454,-0.0314982,-0.0313428,-0.0311793,-0.0310075,-0.0308273,-0.0306386,-0.0304413,-0.0302353,-0.0300205,-0.0297967,-0.0295639,-0.0293218,-0.0290703,-0.0288093,-0.0285386,-0.028258,-0.0279675,-0.0276667,-0.0273554,-0.0270336,-0.0267009,-0.0263572,-0.0260022,-0.0256356,-0.0252573,-0.0248669,-0.0244642,-0.0240488,-0.0236204,-0.0231788,-0.0227236,-0.0222543,-0.0217707,-0.0212724,-0.0207589,-0.0202297,-0.0196845,-0.0191226,-0.0185437,-0.0179471,-0.0173324,-0.0166988,-0.0160457,-0.0153725,-0.0146785,-0.0139629,-0.0132249,-0.0124637,-0.0116784,-0.0108681,-0.0100319,-0.00916869,-0.00827749,-0.00735718,-0.00640662,-0.00542464,-0.00441003,-0.00336155,-0.00227791,-0.00115783,0
0,-0.00119429,-0.00235077,-0.00347068,-0.00455525,-0.00560569,-0.0066232,-0.00760892,-0.008564,-0.00948952,-0.0103866,-0.0112561,-0.0120992,-0.0129167,-0.0137095,-0.0144785,-0.0152246,-0.0159484,-0.0166507,-0.0173324,-0.0179939,-0.0186359,-0.0192592,-0.0198641,-0.0204514,-0.0210214,-0.0215747,-0.0221118,-0.0226332,-0.0231392,-0.0236302,-0.0241067,-0.0245689,-0.0250174,-0.0254523,-0.0258741,-0.0262829,-0.0266792,-0.0270632,-0.0274351,-0.0277952,-0.0281438,-0.028481,-0.0288072,-0.0291224,-0.029427,-0.0297211,-0.0300048,-0.0302784,-0.030542,-0.0307959,-0.03104,-0.0312746,-0.0314999,-0.0317159,-0.0319227,-0.0321206,-0.0323096,-0.0324898,-0.0326613,-0.0328242,-0.0329786,-0.0331246,-0.0332622,-0.0333916,-0.0335129,-0.033626,-0.033731,-0.033828,-0.0339171,-0.0339983,-0.0340716,-0.0341371,-0.0341948,-0.0342448,-0.034287,-0.0343215,-0.0343483,-0.0343675,-0.034379,-0.0343828,-0.034379,-0.0343675,-0.0343483,-0.0343215,-0.034287,-0.0342448,-0.0341948,-0.0341371,-0.0340716,-0.0339983,-0.0339171,-0.033828,-0.033731,-0.033626,-0.0335129,-0.0333916,-0.0332622,-0.0331246,-0.0329786,-0.0328242,-0.0326613,-0.0324898,-0.0323096,-0.0321206,-0.0319227,-0.0317159,-0.0314999,-0.0312746,-0.03104,-0.0307959,-0.030542,-0.0302784,-0.0300048,-0.0297211,-0.029427,-0.0291224,-0.0288072,-0.028481,-0.0281438,-0.0277952,-0.0274351,-0.0270632,-0.0266792,-0.0262829,-0.0258741,-0.0254523,-0.0250174,-0.0245689,-0.0241067,-0.0236302,-0.0231392,-0.0226332,-0.0221118,-0.0215747,-0.0210214,-0.0204514,-0.0198641,-0.0192592,-0.0186359,-0.0179939,-0.0173324,-0.0166507,-0.0159484,-0.0152246,-0.0144785,-0.0137095,-0.0129167,-0.0120992,-0.0112561,-0.0103866,-0.00948952,-0.008564,-0.00760892,-0.0066232,-0.00560569,-0.00455525,-0.00347068,-0.00235077,-0.00119429,0
0,-0.00122952,-0.00242117,-0.00357613,-0.00469557,-0.00578066,-0.00683254,-0.00785231,-0.00884106,-0.00979986,-0.0107297,-0.0116316,-0.0125065,-0.0133553,-0.014179,-0.0149782,-0.0157539,-0.0165068,-0.0172376,-0.0179471,-0.0186359,-0.0193047,-0.019954,-0.0205844,-0.0211966,-0.0217909,-0.022368,-0.0229282,-0.0234721,-0.0240001,-0.0245125,-0.0250099,-0.0254925,-0.0259607,-0.0264148,-0.0268553,-0.0272824,-0.0276963,-0.0280974,-0.028486,-0.0288623,-0.0292266,-0.029579,-0.0299199,-0.0302494,-0.0305677,-0.0308751,-0.0311718,-0.0314578,-0.0317334,-0.0319988,-0.0322541,-0.0324994,-0.032735,-0.0329609,-0.0331772,-0.0333841,-0.0335818,-0.0337702,-0.0339496,-0.03412,-0.0342815,-0.0344342,-0.0345782,-0.0347136,-0.0348404,-0.0349587,-0.0350686,-0.0351701,-0.0352633,-0.0353482,-0.0354249,-0.0354935,-0.0355538,-0.0356061,-0.0356503,-0.0356864,-0.0357145,-0.0357345,-0.0357465,-0.0357505,-0.0357465,-0.0357345,-0.0357145,-0.0356864,-0.0356503,-0.0356061,-0.0355538,-0.0354935,-0.0354249,-0.0353482,-0.0352633,-0.0351701,-0.0350686,-0.0349587,-0.0348404,-0.0347136,-0.0345782,-0.0344342,-0.0342815,-0.03412,-0.0339496,-0.0337702,-0.0335818,-0.0333841,-0.0331772,-0.0329609,-0.032735,-0.0324994,-0.0322541,-0.0319988,-0.0317334,-0.0314578,-0.0311718,-0.0308751,-0.0305677,-0.0302494,-0.0299199,-0.029579,-0.0292266,-0.0288623,-0.028486,-0.0280974,-0.0276963,-0.0272824,-0.0268553,-0.0264148,-0.0259607,-0.0254925,-0.0250099,-0.0245125,-0.0240001,-0.0234721,-0.0229282,-0.022368,-0.0217909,-0.0211966,-0.0205844,-0.019954,-0.0193047,-0.0186359,-0.0179471,-0.0172376,-0.0165068,-0.0157539,-0.0149782,-0.014179,-0.0133553,-0.0125065,-0.0116316,-0.0107297,-0.00979986,-0.00884106,-0.00785231,-0.00683254,-0.00578066,-0.00469557,-0.00357613,-0.00242117,-0.00122952,0
0,-0.00126356,-0.0024892,-0.00367804,-0.00483122,-0.00594983,-0.00703497,-0.00808771,-0.00910909,-0.0101001,-0.0110618,-0.0119952,-0.012901,-0.0137803,-0.0146339,-0.0154625,-0.0162671,-0.0170484,-0.017807,-0.0185437,-0.0192592,-0.019954,-0.0206288,-0.0212842,-0.0219207,-0.0225389,-0.0231392,-0.0237221,-0.0242881,-0.0248377,-0.0253712,-0.025889,-0.0263916,-0.0268792,-0.0273523,-0.0278112,-0.0282561,-0.0286875,-0.0291055,-0.0295105,-0.0299027,-0.0302824,-0.0306498,-0.0310052,-0.0313487,-0.0316807,-0.0320012,-0.0323106,-0.0326089,-0.0328964,-0.0331732,-0.0334394,-0.0336954,-0.0339411,-0.0341767,-0.0344024,-0.0346183,-0.0348245,-0.0350211,-0.0352083,-0.0353861,-0.0355546,-0.035714,-0.0358642,-0.0360055,-0.0361378,-0.0362613,-0.036376,-0.0364819,-0.0365791,-0.0366678,-0.0367478,-0.0368193,-0.0368824,-0.0369369,-0.036983,-0.0370207,-0.03705,-0.0370709,-0.0370834,-0.0370876,-0.0370834,-0.0370709,-0.03705,-0.0370207,-0.036983,-0.0369369,-0.0368824,-0.0368193,-0.0367478,-0.0366678,-0.0365791,-0.0364819,-0.036376,-0.0362613,-0.0361378,-0.0360055,-0.0358642,-0.035714,-0.0355546,-0.0353861,-0.0352083,-0.0350211,-0.0348245,-0.0346183,-0.0344024,-0.0341767,-0.0339411,-0.0336954,-0.0334394,-0.0331732,-0.0328964,-0.0326089,-0.0323106,-0.0320012,-0.0316807,-0.0313487,-0.0310052,-0.0306498,-0.0302824,-0.0299027,-0.0295105,-0.0291055,-0.0286875,-0.0282561,-0.0278112,-0.0273523,-0.0268792,-0.0263916,-0.025889,-0.0253712,-0.0248377,-0.0242881,-0.0237221,-0.0231392,-0.0225389,-0.0219207,-0.0212842,-0.0206288,-0.019954,-0.0192592,-0.0185437,-0.017807,-0.0170484,-0.0162671,-0.0154625,-0.0146339,-0.0137803,-0.012901,-0.0119952,-0.0110618,-0.0101001,-0.00910909,-0.00808771,-0.00703497,-0.00594983,-0.00483122,-0.00367804,-0.0024892,-0.00126356,0
