0,0,0,0,0,0,0,0,0,0,0,0,0,0,0,0,0,0,0,0,0,0,0,0,0,0,0,0,0,0,0,0,0,0,0,0,0,0,0,0,0,0,0,0,0,0,0,0,0,0,0,0,0,0,0,0,0,0,0,0,0,0,0,0,0,0,0,0,0,0,0,0,0,0,0,0,0,0,0,0,0,0,0,0,0,0,0,0,0,0,0,0,0,0,0,0,0,0,0,0,0,0,0,0,0,0,0,0,0,0,0,0,0,0,0,0,0,0,0,0,0,0,0,0,0,0,0,0,0,0,0,0,0,0,0,0,0,0,0,0,0,0,0,0,0,0,0,0,0,0,0,0,0,0,0,0,0,0,0,0,0
0,-0.00011843,-0.00021733,-0.000304419,-0.00038333,-0.000456051,-0.000523807,-0.000587423,-0.00064749,-0.00070445,-0.00075865,-0.000810366,-0.000859824,-0.000907212,-0.00095269,-0.000996395,-0.00103845,-0.00107895,-0.00111799,-0.00115565,-0.001192,-0.00122712,-0.00126106,-0.00129387,-0.0013256,-0.0013563,-0.00138601,-0.00141476,-0.0014426,-0.00146955,-0.00149565,-0.00152092,-0.00154539,-0.00156908,-0.00159203,-0.00161424,-0.00163574,-0.00165656,-0.0016767,-0.00169618,-0.00171503,-0.00173325,-0.00175086,-0.00176788,-0.00178431,-0.00180017,-0.00181548,-0.00183023,-0.00184445,-0.00185814,-0.00187132,-0.00188398,-0.00189615,-0.00190782,-0.001919,-0.00192971,-0.00193995,-0.00194973,-0.00195904,-0.00196791,-0.00197632,-0.0019843,-0.00199184,-0.00199894,-0.00200562,-0.00201188,-0.00201771,-0.00202313,-0.00202813,-0.00203272,-0.00203691,-0.00204069,-0.00204406,-0.00204703,-0.00204961,-0.00205178,-0.00205356,-0.00205494,-0.00205593,-0.00205652,-0.00205672,-0.00205652,-0.00205593,-0.00205494,-0.00205356,-0.00205178,-0.00204961,-0.00204703,-0.00204406,-0.00204069,-0.00203691,-0.00203272,-0.00202813,-0.00202313,-0.00201771,-0.00201188,-0.00200562,-0.00199894,-0.00199184,-0.0019843,-0.00197632,-0.00196791,-0.00195904,-0.00194973,-0.00193995,-0.00192971,-0.001919,-0.00190782,-0.00189615,-0.00188398,-0.00187132,-0.00185814,-0.00184445,-0.00183023,-0.00181548,-0.00180017,-0.00178431,-0.00176788,-0.00175086,-0.00173325,-0.00171503,-0.00169618,-0.0016767,-0.00165656,-0.00163574,-0.00161424,-0.00159203,-0.00156908,-0.00154539,-0.00152092,-0.00149565,-0.00146955,-0.0014426,-0.00141476,-0.00138601,-0.0013563,-0.0013256,-0.00129387,-0.00126106,-0.00122712,-0.001192,-0.00115565,-0.00111799,-0.00107895,-0.00103845,-0.000996395,-0.00095269,-0.000907212,-0.000859824,-0.000810366,-0.00075865,-0.00070445,-0.00064749,-0.000587423,-0.000523807,-0.000456051,-0.00038333,-0.000304419,-0.00021733,-0.00011843,0
0,-0.00021733,-0.000407408,-0.000577956,-0.000733791,-0.000878007,-0.0010127,-0.00113934,-0.00125903,-0.0013726,-0.00148073,-0.00158393,-0.00168266,-0.00177728,-0.0018681,-0.00195539,-0.00203939,-0.0021203,-0.0021983,-0.00227355,-0.0023462,-0.00241637,-0.00248419,-0.00254976,-0.00261318,-0.00267454,-0.00273392,-0.00279139,-0.00284704,-0.00290091,-0.00295308,-0.00300359,-0.00305251,-0.00309988,-0.00314574,-0.00319015,-0.00323313,-0.00327474,-0.003315,-0.00335396,-0.00339163,-0.00342806,-0.00346327,-0.00349729,-0.00353015,-0.00356186,-0.00359246,-0.00362196,-0.00365039,-0.00367776,-0.0037041,-0.00372942,-0.00375374,-0.00377708,-0.00379945,-0.00382086,-0.00384133,-0.00386087,-0.0038795,-0.00389722,-0.00391405,-0.00393,-0.00394507,-0.00395928,-0.00397263,-0.00398514,-0.0039968,-0.00400763,-0.00401763,-0.00402682,-0.00403518,-0.00404274,-0.00404949,-0.00405543,-0.00406058,-0.00406493,-0.00406848,-0.00407125,-0.00407322,-0.0040744,-0.0040748,-0.0040744,-0.00407322,-0.00407125,-0.00406848,-0.00406493,-0.00406058,-0.00405543,-0.00404949,-0.00404274,-0.00403518,-0.00402682,-0.00401763,-0.00400763,-0.0039968,-0.00398514,-0.00397263,-0.00395928,-0.00394507,-0.00393,-0.00391405,-0.00389722,-0.0038795,-0.00386087,-0.00384133,-0.00382086,-0.00379945,-0.00377708,-0.00375374,-0.00372942,-0.0037041,-0.00367776,-0.00365039,-0.00362196,-0.00359246,-0.00356186,-0.00353015,-0.00349729,-0.00346327,-0.00342806,-0.00339163,-0.00335396,-0.003315,-0.00327474,-0.00323313,-0.00319015,-0.00314574,-0.00309988,-0.00305251,-0.00300359,-0.00295308,-0.00290091,-0.00284704,-0.00279139,-0.00273392,-0.00267454,-0.00261318,-0.00254976,-0.00248419,-0.00241637,-0.0023462,-0.00227355,-0.0021983,-0.0021203,-0.00203939,-0.00195539,-0.0018681,-0.00177728,-0.00168266,-0.00158393,-0.00148073,-0.0013726,-0.00125903,-0.00113934,-0.0010127,-0.000878007,-0.000733791,-0.000577956,-0.000407408,-0.00021733,0
0,-0.000304419,-0.000577956,-0.000827148,-0.00105681,-0.00127043,-0.00147057,-0.00165915,-0.00183762,-0.00200716,-0.00216867,-0.00232293,-0.00247056,-0.00261209,-0.00274799,-0.00287863,-0.00300437,-0.00312551,-0.00324231,-0.00335501,-0.00346382,-0.00356894,-0.00367053,-0.00376877,-0.00386379,-0.00395572,-0.0040447,-0.00413082,-0.0042142,-0.00429494,-0.00437312,-0.00444883,-0.00452214,-0.00459314,-0.00466188,-0.00472844,-0.00479287,-0.00485524,-0.00491559,-0.00497398,-0.00503046,-0.00508507,-0.00513785,-0.00518885,-0.0052381,-0.00528565,-0.00533152,-0.00537574,-0.00541836,-0.0054594,-0.00549889,-0.00553685,-0.00557331,-0.00560829,-0.00564183,-0.00567393,-0.00570462,-0.00573392,-0.00576184,-0.00578841,-0.00581365,-0.00583755,-0.00586015,-0.00588145,-0.00590147,-0.00592022,-0.00593771,-0.00595395,-0.00596895,-0.00598272,-0.00599526,-0.00600659,-0.00601671,-0.00602562,-0.00603334,-0.00603986,-0.00604519,-0.00604933,-0.00605229,-0.00605406,-0.00605465,-0.00605406,-0.00605229,-0.00604933,-0.00604519,-0.00603986,-0.00603334,-0.00602562,-0.00601671,-0.00600659,-0.00599526,-0.00598272,-0.00596895,-0.00595395,-0.00593771,-0.00592022,-0.00590147,-0.00588145,-0.00586015,-0.00583755,-0.00581365,-0.00578841,-0.00576184,-0.00573392,-0.00570462,-0.00567393,-0.00564183,-0.00560829,-0.00557331,-0.00553685,-0.00549889,-0.0054594,-0.00541836,-0.00537574,-0.00533152,-0.00528565,-0.0052381,-0.00518885,-0.00513785,-0.00508507,-0.00503046,-0.00497398,-0.00491559,-0.00485524,-0.00479287,-0.00472844,-0.00466188,-0.00459314,-0.00452214,-0.00444883,-0.00437312,-0.00429494,-0.0042142,-0.00413082,-0.0040447,-0.00395572,-0.00386379,-0.00376877,-0.00367053,-0.00356894,-0.00346382,-0.00335501,-0.00324231,-0.00312551,-0.00300437,-0.00287863,-0.00274799,-0.00261209,-0.00247056,-0.00232293,-0.00216867,-0.00200716,-0.00183762,-0.00165915,-0.00147057,-0.00127043,-0.00105681,-0.000827148,-0.000577956,-0.000304419,0
0,-0.00038333,-0.000733791,-0.00105681,-0.00135681,-0.00163729,-0.00190097,-0.00215001,-0.00238611,-0.00261068,-0.00282482,-0.0030295,-0.0032255,-0.0034135,-0.00359408,-0.00376774,-0.00393493,-0.00409603,-0.00425139,-0.00440132,-0.0045461,-0.00468599,-0.00482121,-0.00495196,-0.00507845,-0.00520084,-0.0053193,-0.00543397,-0.005545,-0.00565251,-0.00575662,-0.00585744,-0.00595508,-0.00604964,-0.0061412,-0.00622985,-0.00631567,-0.00639874,-0.00647914,-0.00655692,-0.00663215,-0.0067049,-0.00677521,-0.00684315,-0.00690876,-0.0069721,-0.00703321,-0.00709214,-0.00714892,-0.00720359,-0.0072562,-0.00730677,-0.00735535,-0.00740197,-0.00744664,-0.00748941,-0.00753031,-0.00756934,-0.00760655,-0.00764196,-0.00767558,-0.00770743,-0.00773754,-0.00776593,-0.0077926,-0.00781758,-0.00784089,-0.00786252,-0.00788251,-0.00790085,-0.00791757,-0.00793266,-0.00794614,-0.00795802,-0.0079683,-0.00797699,-0.00798409,-0.00798961,-0.00799355,-0.00799592,-0.00799671,-0.00799592,-0.00799355,-0.00798961,-0.00798409,-0.00797699,-0.0079683,-0.00795802,-0.00794614,-0.00793266,-0.00791757,-0.00790085,-0.00788251,-0.00786252,-0.00784089,-0.00781758,-0.0077926,-0.00776593,-0.00773754,-0.00770743,-0.00767558,-0.00764196,-0.00760655,-0.00756934,-0.00753031,-0.00748941,-0.00744664,-0.00740197,-0.00735535,-0.00730677,-0.0072562,-0.00720359,-0.00714892,-0.00709214,-0.00703321,-0.0069721,-0.00690876,-0.00684315,-0.00677521,-0.0067049,-0.00663215,-0.00655692,-0.00647914,-0.00639874,-0.00631567,-0.00622985,-0.0061412,-0.00604964,-0.00595508,-0.00585744,-0.00575662,-0.00565251,-0.005545,-0.00543397,-0.0053193,-0.00520084,-0.00507845,-0.00495196,-0.00482121,-0.00468599,-0.0045461,-0.00440132,-0.00425139,-0.00409603,-0.00393493,-0.00376774,-0.00359408,-0.0034135,-0.0032255,-0.0030295,-0.00282482,-0.00261068,-0.00238611,-0.00215001,-0.00190097,-0.00163729,-0.00135681,-0.00105681,-0.000733791,-0.00038333,0
0,-0.000456051,-0.000878007,-0.00127043,-0.00163729,-0.00198188,-0.00230695,-0.00261475,-0.0029071,-0.00318556,-0.00345141,-0.00370572,-0.00394942,-0.0041833,-0.00440806,-0.00462429,-0.00483253,-0.00503325,-0.00522687,-0.00541376,-0.00559426,-0.00576869,-0.00593732,-0.00610041,-0.00625819,-0.00641088,-0.00655867,-0.00670176,-0.0068403,-0.00697447,-0.0071044,-0.00723024,-0.0073521,-0.00747013,-0.00758442,-0.00769509,-0.00780223,-0.00790593,-0.0080063,-0.00810341,-0.00819734,-0.00828817,-0.00837596,-0.00846079,-0.00854272,-0.00862181,-0.00869812,-0.00877169,-0.0088426,-0.00891087,-0.00897657,-0.00903973,-0.00910039,-0.0091586,-0.0092144,-0.00926781,-0.00931888,-0.00936763,-0.0094141,-0.00945832,-0.0095003,-0.00954009,-0.00957769,-0.00961314,-0.00964646,-0.00967766,-0.00970676,-0.00973379,-0.00975875,-0.00978166,-0.00980254,-0.00982139,-0.00983823,-0.00985306,-0.0098659,-0.00987675,-0.00988563,-0.00989252,-0.00989744,-0.00990039,-0.00990138,-0.00990039,-0.00989744,-0.00989252,-0.00988563,-0.00987675,-0.0098659,-0.00985306,-0.00983823,-0.00982139,-0.00980254,-0.00978166,-0.00975875,-0.00973379,-0.00970676,-0.00967766,-0.00964646,-0.00961314,-0.00957769,-0.00954009,-0.0095003,-0.00945832,-0.0094141,-0.00936763,-0.00931888,-0.00926781,-0.0092144,-0.0091586,-0.00910039,-0.00903973,-0.00897657,-0.00891087,-0.0088426,-0.00877169,-0.00869812,-0.00862181,-0.00854272,-0.00846079,-0.00837596,-0.00828817,-0.00819734,-0.00810341,-0.0080063,-0.00790593,-0.00780223,-0.00769509,-0.00758442,-0.00747013,-0.0073521,-0.00723024,-0.0071044,-0.00697447,-0.0068403,-0.00670176,-0.00655867,-0.00641088,-0.00625819,-0.00610041,-0.00593732,-0.00576869,-0.00559426,-0.00541376,-0.00522687,-0.00503325,-0.00483253,-0.00462429,-0.00440806,-0.0041833,-0.00394942,-0.00370572,-0.00345141,-0.00318556,-0.0029071,-0.00261475,-0.00230695,-0.00198188,-0.00163729,-0.00127043,-0.000878007,-0.000456051,0
0,-0.000523807,-0.0010127,-0.00147057,-0.00190097,-0.00230695,-0.00269117,-0.00305587,-0.00340295,-0.00373403,-0.00405049,-0.00435351,-0.00464411,-0.00492319,-0.00519153,-0.00544981,-0.00569864,-0.00593856,-0.00617006,-0.00639357,-0.00660949,-0.00681818,-0.00701997,-0.00721516,-0.00740402,-0.00758681,-0.00776376,-0.00793509,-0.008101,-0.00826167,-0.00841729,-0.00856801,-0.00871399,-0.00885537,-0.00899229,-0.00912487,-0.00925323,-0.00937749,-0.00949775,-0.00961411,-0.00972666,-0.0098355,-0.00994071,-0.0100424,-0.0101406,-0.0102353,-0.0103268,-0.010415,-0.0104999,-0.0105818,-0.0106605,-0.0107362,-0.0108089,-0.0108787,-0.0109456,-0.0110096,-0.0110708,-0.0111293,-0.011185,-0.011238,-0.0112883,-0.011336,-0.0113811,-0.0114236,-0.0114635,-0.0115009,-0.0115358,-0.0115682,-0.0115981,-0.0116256,-0.0116506,-0.0116732,-0.0116934,-0.0117112,-0.0117266,-0.0117396,-0.0117502,-0.0117585,-0.0117644,-0.0117679,-0.0117691,-0.0117679,-0.0117644,-0.0117585,-0.0117502,-0.0117396,-0.0117266,-0.0117112,-0.0116934,-0.0116732,-0.0116506,-0.0116256,-0.0115981,-0.0115682,-0.0115358,-0.0115009,-0.0114635,-0.0114236,-0.0113811,-0.011336,-0.0112883,-0.011238,-0.011185,-0.0111293,-0.0110708,-0.0110096,-0.0109456,-0.0108787,-0.0108089,-0.0107362,-0.0106605,-0.0105818,-0.0104999,-0.010415,-0.0103268,-0.0102353,-0.0101406,-0.0100424,-0.00994071,-0.0098355,-0.00972666,-0.00961411,-0.00949775,-0.00937749,-0.00925323,-0.00912487,-0.00899229,-0.00885537,-0.00871399,-0.00856801,-0.00841729,-0.00826167,-0.008101,-0.00793509,-0.00776376,-0.00758681,-0.00740402,-0.00721516,-0.00701997,-0.00681818,-0.00660949,-0.00639357,-0.00617006,-0.00593856,-0.00569864,-0.00544981,-0.00519153,-0.00492319,-0.00464411,-0.00435351,-0.00405049,-0.00373403,-0.00340295,-0.00305587,-0.00269117,-0.00230695,-0.00190097,-0.00147057,-0.0010127,-0.000523807,0
0,-0.000587423,-0.00113934,-0.00165915,-0.00215001,-0.00261475,-0.00305587,-0.00347558,-0.00387576,-0.00425808,-0.00462397,-0.00497468,-0.00531131,-0.00563481,-0.00594605,-0.00624576,-0.00653464,-0.00681328,-0.00708222,-0.00734196,-0.00759294,-0.00783558,-0.00807023,-0.00829725,-0.00851694,-0.00872959,-0.00893548,-0.00913485,-0.00932794,-0.00951495,-0.00969609,-0.00987155,-0.0100415,-0.0102061,-0.0103655,-0.0105199,-0.0106694,-0.0108141,-0.0109541,-0.0110897,-0.0112207,-0.0113475,-0.0114701,-0.0115885,-0.0117028,-0.0118133,-0.0119198,-0.0120225,-0.0121215,-0.0122168,-0.0123086,-0.0123968,-0.0124815,-0.0125628,-0.0126407,-0.0127153,-0.0127866,-0.0128547,-0.0129196,-0.0129814,-0.01304,-0.0130956,-0.0131481,-0.0131976,-0.0132442,-0.0132877,-0.0133284,-0.0133661,-0.013401,-0.013433,-0.0134622,-0.0134885,-0.013512,-0.0135328,-0.0135507,-0.0135659,-0.0135782,-0.0135879,-0.0135948,-0.0135989,-0.0136002,-0.0135989,-0.0135948,-0.0135879,-0.0135782,-0.0135659,-0.0135507,-0.0135328,-0.013512,-0.0134885,-0.0134622,-0.013433,-0.013401,-0.0133661,-0.0133284,-0.0132877,-0.0132442,-0.0131976,-0.0131481,-0.0130956,-0.01304,-0.0129814,-0.0129196,-0.0128547,-0.0127866,-0.0127153,-0.0126407,-0.0125628,-0.0124815,-0.0123968,-0.0123086,-0.0122168,-0.0121215,-0.0120225,-0.0119198,-0.0118133,-0.0117028,-0.0115885,-0.0114701,-0.0113475,-0.0112207,-0.0110897,-0.0109541,-0.0108141,-0.0106694,-0.0105199,-0.0103655,-0.0102061,-0.0100415,-0.00987155,-0.00969609,-0.00951495,-0.00932794,-0.00913485,-0.00893548,-0.00872959,-0.00851694,-0.00829725,-0.00807023,-0.00783558,-0.00759294,-0.00734196,-0.00708222,-0.00681328,-0.00653464,-0.00624576,-0.00594605,-0.00563481,-0.00531131,-0.00497468,-0.00462397,-0.00425808,-0.00387576,-0.00347558,-0.00305587,-0.00261475,-0.00215001,-0.00165915,-0.00113934,-0.000587423,0
0,-0.00064749,-0.00125903,-0.00183762,-0.00238611,-0.0029071,-0.00340295,-0.00387576,-0.00432741,-0.00475953,-0.00517361,-0.00557092,-0.0059526,-0.00631968,-0.00667306,-0.00701355,-0.00734187,-0.00765869,-0.00796459,-0.00826012,-0.00854576,-0.00882196,-0.00908914,-0.00934767,-0.00959791,-0.00984017,-0.0100748,-0.0103019,-0.010522,-0.0107351,-0.0109416,-0.0111416,-0.0113354,-0.0115231,-0.0117049,-0.0118809,-0.0120514,-0.0122164,-0.0123761,-0.0125307,-0.0126802,-0.0128248,-0.0129646,-0.0130997,-0.0132302,-0.0133561,-0.0134777,-0.0135949,-0.0137078,-0.0138166,-0.0139213,-0.0140219,-0.0141186,-0.0142113,-0.0143002,-0.0143854,-0.0144667,-0.0145444,-0.0146185,-0.014689,-0.0147559,-0.0148193,-0.0148793,-0.0149358,-0.0149889,-0.0150386,-0.015085,-0.0151281,-0.0151679,-0.0152044,-0.0152377,-0.0152678,-0.0152946,-0.0153182,-0.0153387,-0.015356,-0.0153702,-0.0153812,-0.015389,-0.0153937,-0.0153953,-0.0153937,-0.015389,-0.0153812,-0.0153702,-0.015356,-0.0153387,-0.0153182,-0.0152946,-0.0152678,-0.0152377,-0.0152044,-0.0151679,-0.0151281,-0.015085,-0.0150386,-0.0149889,-0.0149358,-0.0148793,-0.0148193,-0.0147559,-0.014689,-0.0146185,-0.0145444,-0.0144667,-0.0143854,-0.0143002,-0.0142113,-0.0141186,-0.0140219,-0.0139213,-0.0138166,-0.0137078,-0.0135949,-0.0134777,-0.0133561,-0.0132302,-0.0130997,-0.0129646,-0.0128248,-0.0126802,-0.0125307,-0.0123761,-0.0122164,-0.0120514,-0.0118809,-0.0117049,-0.0115231,-0.0113354,-0.0111416,-0.0109416,-0.0107351,-0.010522,-0.0103019,-0.0100748,-0.00984017,-0.00959791,-0.00934767,-0.00908914,-0.00882196,-0.00854576,-0.00826012,-0.00796459,-0.00765869,-0.00734187,-0.00701355,-0.00667306,-0.00631968,-0.0059526,-0.00557092,-0.00517361,-0.00475953,-0.00432741,-0.00387576,-0.00340295,-0.0029071,-0.00238611,-0.00183762,-0.00125903,-0.00064749,0
0,-0.00070445,-0.0013726,-0.00200716,-0.00261068,-0.00318556,-0.00373403,-0.00425808,-0.00475953,-0.00524002,-0.00570099,-0.00614375,-0.00656949,-0.00697925,-0.00737396,-0.0077545,-0.00812162,-0.00847602,-0.00881835,-0.00914917,-0.00946902,-0.00977839,-0.0100777,-0.0103674,-0.0106479,-0.0109195,-0.0111825,-0.0114372,-0.011684,-0.0119231,-0.0121547,-0.0123791,-0.0125964,-0.012807,-0.013011,-0.0132086,-0.0133999,-0.0135851,-0.0137644,-0.0139379,-0.0141057,-0.014268,-0.014425,-0.0145766,-0.0147231,-0.0148645,-0.015001,-0.0151326,-0.0152594,-0.0153816,-0.0154991,-0.0156121,-0.0157207,-0.0158248,-0.0159247,-0.0160203,-0.0161117,-0.0161989,-0.0162821,-0.0163613,-0.0164364,-0.0165077,-0.016575,-0.0166385,-0.0166981,-0.016754,-0.0168061,-0.0168545,-0.0168992,-0.0169402,-0.0169776,-0.0170113,-0.0170415,-0.0170681,-0.0170911,-0.0171105,-0.0171264,-0.0171387,-0.0171475,-0.0171528,-0.0171546,-0.0171528,-0.0171475,-0.0171387,-0.0171264,-0.0171105,-0.0170911,-0.0170681,-0.0170415,-0.0170113,-0.0169776,-0.0169402,-0.0168992,-0.0168545,-0.0168061,-0.016754,-0.0166981,-0.0166385,-0.016575,-0.0165077,-0.0164364,-0.0163613,-0.0162821,-0.0161989,-0.0161117,-0.0160203,-0.0159247,-0.0158248,-0.0157207,-0.0156121,-0.0154991,-0.0153816,-0.0152594,-0.0151326,-0.015001,-0.0148645,-0.0147231,-0.0145766,-0.014425,-0.014268,-0.0141057,-0.0139379,-0.0137644,-0.0135851,-0.0133999,-0.0132086,-0.013011,-0.012807,-0.0125964,-0.0123791,-0.0121547,-0.0119231,-0.011684,-0.0114372,-0.0111825,-0.0109195,-0.0106479,-0.0103674,-0.0100777,-0.00977839,-0.00946902,-0.00914917,-0.00881835,-0.00847602,-0.00812162,-0.0077545,-0.00737396,-0.00697925,-0.00656949,-0.00614375,-0.00570099,-0.00524002,-0.00475953,-0.00425808,-0.00373403,-0.00318556,-0.00261068,-0.00200716,-0.0013726,-0.00070445,0
0,-0.00075865,-0.00148073,-0.00216867,-0.00282482,-0.00345141,-0.00405049,-0.00462397,-0.00517361,-0.00570099,-0.00620755,-0.00669461,-0.00716335,-0.00761484,-0.00805005,-0.00846987,-0.00887509,-0.00926645,-0.00964462,-0.0100102,-0.0103638,-0.0107059,-0.011037,-0.0113575,-0.0116678,-0.0119683,-0.0122595,-0.0125415,-0.0128147,-0.0130795,-0.013336,-0.0135845,-0.0138254,-0.0140586,-0.0142846,-0.0145035,-0.0147155,-0.0149208,-0.0151195,-0.0153118,-0.0154978,-0.0156778,-0.0158517,-0.0160198,-0.0161822,-0.016339,-0.0164903,-0.0166362,-0.0167768,-0.0169123,-0.0170426,-0.0171679,-0.0172883,-0.0174038,-0.0175145,-0.0176205,-0.0177219,-0.0178187,-0.0179109,-0.0179987,-0.0180821,-0.0181611,-0.0182357,-0.0183061,-0.0183723,-0.0184342,-0.018492,-0.0185457,-0.0185953,-0.0186408,-0.0186823,-0.0187197,-0.0187532,-0.0187826,-0.0188081,-0.0188297,-0.0188473,-0.018861,-0.0188708,-0.0188767,-0.0188786,-0.0188767,-0.0188708,-0.018861,-0.0188473,-0.0188297,-0.0188081,-0.0187826,-0.0187532,-0.0187197,-0.0186823,-0.0186408,-0.0185953,-0.0185457,-0.018492,-0.0184342,-0.0183723,-0.0183061,-0.0182357,-0.0181611,-0.0180821,-0.0179987,-0.0179109,-0.0178187,-0.0177219,-0.0176205,-0.0175145,-0.0174038,-0.0172883,-0.0171679,-0.0170426,-0.0169123,-0.0167768,-0.0166362,-0.0164903,-0.016339,-0.0161822,-0.0160198,-0.0158517,-0.0156778,-0.0154978,-0.0153118,-0.0151195,-0.0149208,-0.0147155,-0.0145035,-0.0142846,-0.0140586,-0.0138254,-0.0135845,-0.013336,-0.0130795,-0.0128147,-0.0125415,-0.0122595,-0.0119683,-0.0116678,-0.0113575,-0.011037,-0.0107059,-0.0103638,-0.0100102,-0.00964462,-0.00926645,-0.00887509,-0.00846987,-0.00805005,-0.00761484,-0.00716335,-0.00669461,-0.00620755,-0.00570099,-0.00517361,-0.00462397,-0.00405049,-0.00345141,-0.00282482,-0.00216867,-0.00148073,-0.00075865,0
0,-0.000810366,-0.00158393,-0.00232293,-0.0030295,-0.00370572,-0.00435351,-0.00497468,-0.00557092,-0.00614375,-0.00669461,-0.00722479,-0.00773546,-0.00822772,-0.00870254,-0.00916084,-0.00960344,-0.0100311,-0.0104445,-0.0108443,-0.0112311,-0.0116054,-0.0119678,-0.0123187,-0.0126585,-0.0129877,-0.0133066,-0.0136157,-0.0139151,-0.0142052,-0.0144864,-0.0147589,-0.0150229,-0.0152787,-0.0155265,-0.0157665,-0.015999,-0.0162242,-0.0164421,-0.0166531,-0.0168572,-0.0170546,-0.0172454,-0.0174299,-0.0176081,-0.0177801,-0.0179462,-0.0181063,-0.0182606,-0.0184092,-0.0185523,-0.0186898,-0.0188219,-0.0189487,-0.0190702,-0.0191866,-0.0192979,-0.0194041,-0.0195054,-0.0196017,-0.0196932,-0.01978,-0.0198619,-0.0199392,-0.0200118,-0.0200799,-0.0201433,-0.0202023,-0.0202567,-0.0203066,-0.0203522,-0.0203933,-0.02043,-0.0204624,-0.0204904,-0.020514,-0.0205334,-0.0205484,-0.0205591,-0.0205656,-0.0205677,-0.0205656,-0.0205591,-0.0205484,-0.0205334,-0.020514,-0.0204904,-0.0204624,-0.02043,-0.0203933,-0.0203522,-0.0203066,-0.0202567,-0.0202023,-0.0201433,-0.0200799,-0.0200118,-0.0199392,-0.0198619,-0.01978,-0.0196932,-0.0196017,-0.0195054,-0.0194041,-0.0192979,-0.0191866,-0.0190702,-0.0189487,-0.0188219,-0.0186898,-0.0185523,-0.0184092,-0.0182606,-0.0181063,-0.0179462,-0.0177801,-0.0176081,-0.0174299,-0.0172454,-0.0170546,-0.0168572,-0.0166531,-0.0164421,-0.0162242,-0.015999,-0.0157665,-0.0155265,-0.0152787,-0.0150229,-0.0147589,-0.0144864,-0.0142052,-0.0139151,-0.0136157,-0.0133066,-0.0129877,-0.0126585,-0.0123187,-0.0119678,-0.0116054,-0.0112311,-0.0108443,-0.0104445,-0.0100311,-0.00960344,-0.00916084,-0.00870254,-0.00822772,-0.00773546,-0.00722479,-0.00669461,-0.00614375,-0.00557092,-0.00497468,-0.00435351,-0.00370572,-0.0030295,-0.00232293,-0.00158393,-0.000810366,0
0,-0.000859824,-0.00168266,-0.00247056,-0.0032255,-0.00394942,-0.00464411,-0.00531131,-0.0059526,-0.00656949,-0.00716335,-0.00773546,-0.008287,-0.00881904,-0.00933258,-0.00982853,-0.0103078,-0.010771,-0.011219,-0.0116525,-0.0120719,-0.012478,-0.0128712,-0.0132521,-0.013621,-0.0139785,-0.0143248,-0.0146605,-0.0149858,-0.015301,-0.0156066,-0.0159027,-0.0161897,-0.0164678,-0.0167372,-0.0169982,-0.017251,-0.0174959,-0.0177329,-0.0179623,-0.0181843,-0.0183991,-0.0186067,-0.0188074,-0.0190012,-0.0191884,-0.0193691,-0.0195433,-0.0197112,-0.019873,-0.0200286,-0.0201783,-0.0203221,-0.02046,-0.0205923,-0.020719,-0.0208401,-0.0209557,-0.0210659,-0.0211708,-0.0212704,-0.0213648,-0.021454,-0.0215382,-0.0216172,-0.0216913,-0.0217604,-0.0218245,-0.0218837,-0.0219381,-0.0219877,-0.0220325,-0.0220724,-0.0221076,-0.0221381,-0.0221639,-0.022185,-0.0222013,-0.022213,-0.02222,-0.0222224,-0.02222,-0.022213,-0.0222013,-0.022185,-0.0221639,-0.0221381,-0.0221076,-0.0220724,-0.0220325,-0.0219877,-0.0219381,-0.0218837,-0.0218245,-0.0217604,-0.0216913,-0.0216172,-0.0215382,-0.021454,-0.0213648,-0.0212704,-0.0211708,-0.0210659,-0.0209557,-0.0208401,-0.020719,-0.0205923,-0.02046,-0.0203221,-0.0201783,-0.0200286,-0.019873,-0.0197112,-0.0195433,-0.0193691,-0.0191884,-0.0190012,-0.0188074,-0.0186067,-0.0183991,-0.0181843,-0.0179623,-0.0177329,-0.0174959,-0.017251,-0.0169982,-0.0167372,-0.0164678,-0.0161897,-0.0159027,-0.0156066,-0.015301,-0.0149858,-0.0146605,-0.0143248,-0.0139785,-0.013621,-0.0132521,-0.0128712,-0.012478,-0.0120719,-0.0116525,-0.011219,-0.010771,-0.0103078,-0.00982853,-0.00933258,-0.00881904,-0.008287,-0.00773546,-0.00716335,-0.00656949,-0.0059526,-0.00531131,-0.00464411,-0.00394942,-0.0032255,-0.00247056,-0.00168266,-0.000859824,0
0,-0.000907212,-0.00177728,-0.00261209,-0.0034135,-0.0041833,-0.00492319,-0.00563481,-0.00631968,-0.00697925,-0.00761484,-0.00822772,-0.00881904,-0.00938987,-0.00994122,-0.010474,-0.0109891,-0.0114872,-0.0119692,-0.0124356,-0.0128872,-0.0133245,-0.0137481,-0.0141584,-0.014556,-0.0149413,-0.0153148,-0.0156767,-0.0160276,-0.0163677,-0.0166973,-0.0170168,-0.0173265,-0.0176267,-0.0179175,-0.0181992,-0.0184722,-0.0187365,-0.0189924,-0.0192402,-0.0194799,-0.0197118,-0.0199361,-0.0201528,-0.0203622,-0.0205644,-0.0207596,-0.0209478,-0.0211292,-0.021304,-0.0214721,-0.0216338,-0.0217892,-0.0219383,-0.0220812,-0.0222181,-0.022349,-0.0224739,-0.022593,-0.0227064,-0.022814,-0.022916,-0.0230125,-0.0231034,-0.0231889,-0.0232689,-0.0233435,-0.0234129,-0.0234769,-0.0235357,-0.0235893,-0.0236376,-0.0236809,-0.0237189,-0.0237519,-0.0237797,-0.0238025,-0.0238202,-0.0238328,-0.0238404,-0.0238429,-0.0238404,-0.0238328,-0.0238202,-0.0238025,-0.0237797,-0.0237519,-0.0237189,-0.0236809,-0.0236376,-0.0235893,-0.0235357,-0.0234769,-0.0234129,-0.0233435,-0.0232689,-0.0231889,-0.0231034,-0.0230125,-0.022916,-0.022814,-0.0227064,-0.022593,-0.0224739,-0.022349,-0.0222181,-0.0220812,-0.0219383,-0.0217892,-0.0216338,-0.0214721,-0.021304,-0.0211292,-0.0209478,-0.0207596,-0.0205644,-0.0203622,-0.0201528,-0.0199361,-0.0197118,-0.0194799,-0.0192402,-0.0189924,-0.0187365,-0.0184722,-0.0181992,-0.0179175,-0.0176267,-0.0173265,-0.0170168,-0.0166973,-0.0163677,-0.0160276,-0.0156767,-0.0153148,-0.0149413,-0.014556,-0.0141584,-0.0137481,-0.0133245,-0.0128872,-0.0124356,-0.0119692,-0.0114872,-0.0109891,-0.010474,-0.00994122,-0.00938987,-0.00881904,-0.00822772,-0.00761484,-0.00697925,-0.00631968,-0.00563481,-0.00492319,-0.0041833,-0.0034135,-0.00261209,-0.00177728,-0.000907212,0
0,-0.00095269,-0.0018681,-0.00274799,-0.00359408,-0.00440806,-0.00519153,-0.00594605,-0.00667306,-0.00737396,-0.00805005,-0.00870254,-0.00933258,-0.00994122,-0.0105295,-0.0110982,-0.0116483,-0.0121806,-0.0126959,-0.0131947,-0.0136778,-0.0141458,-0.0145992,-0.0150386,-0.0154644,-0.0158772,-0.0162773,-0.0166652,-0.0170413,-0.0174059,-0.0177593,-0.0181019,-0.0184341,-0.018756,-0.0190679,-0.0193702,-0.0196631,-0.0199467,-0.0202214,-0.0204872,-0.0207445,-0.0209934,-0.0212341,-0.0214668,-0.0216916,-0.0219087,-0.0221182,-0.0223203,-0.0225151,-0.0227027,-0.0228833,-0.023057,-0.0232238,-0.023384,-0.0235375,-0.0236844,-0.023825,-0.0239592,-0.0240871,-0.0242089,-0.0243245,-0.0244341,-0.0245377,-0.0246354,-0.0247272,-0.0248131,-0.0248933,-0.0249678,-0.0250366,-0.0250998,-0.0251573,-0.0252093,-0.0252557,-0.0252966,-0.025332,-0.0253619,-0.0253864,-0.0254054,-0.025419,-0.0254271,-0.0254298,-0.0254271,-0.025419,-0.0254054,-0.0253864,-0.0253619,-0.025332,-0.0252966,-0.0252557,-0.0252093,-0.0251573,-0.0250998,-0.0250366,-0.0249678,-0.0248933,-0.0248131,-0.0247272,-0.0246354,-0.0245377,-0.0244341,-0.0243245,-0.0242089,-0.0240871,-0.0239592,-0.023825,-0.0236844,-0.0235375,-0.023384,-0.0232238,-0.023057,-0.0228833,-0.0227027,-0.0225151,-0.0223203,-0.0221182,-0.0219087,-0.0216916,-0.0214668,-0.0212341,-0.0209934,-0.0207445,-0.0204872,-0.0202214,-0.0199467,-0.0196631,-0.0193702,-0.0190679,-0.018756,-0.0184341,-0.0181019,-0.0177593,-0.0174059,-0.0170413,-0.0166652,-0.0162773,-0.0158772,-0.0154644,-0.0150386,-0.0145992,-0.0141458,-0.0136778,-0.0131947,-0.0126959,-0.0121806,-0.0116483,-0.0110982,-0.0105295,-0.00994122,-0.00933258,-0.00870254,-0.00805005,-0.00737396,-0.00667306,-0.00594605,-0.00519153,-0.00440806,-0.00359408,-0.00274799,-0.0018681,-0.00095269,0
0,-0.000996395,-0.00195539,-0.00287863,-0.00376774,-0.00462429,-0.00544981,-0.00624576,-0.00701355,-0.0077545,-0.00846987,-0.00916084,-0.00982853,-0.010474,-0.0110982,-0.0117021,-0.0122865,-0.0128522,-0.0134,-0.0139306,-0.0144447,-0.0149428,-0.0154255,-0.0158934,-0.016347,-0.0167868,-0.0172132,-0.0176267,-0.0180276,-0.0184163,-0.0187933,-0.0191587,-0.019513,-0.0198564,-0.0201893,-0.0205118,-0.0208243,-0.0211271,-0.0214202,-0.021704,-0.0219787,-0.0222445,-0.0225015,-0.0227499,-0.0229899,-0.0232218,-0.0234455,-0.0236614,-0.0238694,-0.0240698,-0.0242627,-0.0244482,-0.0246264,-0.0247975,-0.0249615,-0.0251185,-0.0252687,-0.025412,-0.0255487,-0.0256788,-0.0258024,-0.0259194,-0.0260301,-0.0261345,-0.0262326,-0.0263244,-0.0264101,-0.0264897,-0.0265632,-0.0266307,-0.0266922,-0.0267477,-0.0267974,-0.0268411,-0.0268789,-0.0269109,-0.026937,-0.0269573,-0.0269718,-0.0269805,-0.0269834,-0.0269805,-0.0269718,-0.0269573,-0.026937,-0.0269109,-0.0268789,-0.0268411,-0.0267974,-0.0267477,-0.0266922,-0.0266307,-0.0265632,-0.0264897,-0.0264101,-0.0263244,-0.0262326,-0.0261345,-0.0260301,-0.0259194,-0.0258024,-0.0256788,-0.0255487,-0.025412,-0.0252687,-0.0251185,-0.0249615,-0.0247975,-0.0246264,-0.0244482,-0.0242627,-0.0240698,-0.0238694,-0.0236614,-0.0234455,-0.0232218,-0.0229899,-0.0227499,-0.0225015,-0.0222445,-0.0219787,-0.021704,-0.0214202,-0.0211271,-0.0208243,-0.0205118,-0.0201893,-0.0198564,-0.019513,-0.0191587,-0.0187933,-0.0184163,-0.0180276,-0.0176267,-0.0172132,-0.0167868,-0.016347,-0.0158934,-0.0154255,-0.0149428,-0.0144447,-0.0139306,-0.0134,-0.0128522,-0.0122865,-0.0117021,-0.0110982,-0.010474,-0.00982853,-0.00916084,-0.00846987,-0.0077545,-0.00701355,-0.00624576,-0.00544981,-0.00462429,-0.00376774,-0.00287863,-0.00195539,-0.000996395,0
0,-0.00103845,-0.00203939,-0.00300437,-0.00393493,-0.00483253,-0.00569864,-0.00653464,-0.00734187,-0.00812162,-0.00887509,-0.00960344,-0.0103078,-0.0109891,-0.0116483,-0.0122865,-0.0129044,-0.0135028,-0.0140825,-0.0146442,-0.0151885,-0.0157162,-0.0162277,-0.0167237,-0.0172046,-0.0176709,-0.0181232,-0.0185618,-0.0189872,-0.0193998,-0.0197998,-0.0201878,-0.0205639,-0.0209286,-0.0212821,-0.0216246,-0.0219566,-0.0222782,-0.0225896,-0.0228912,-0.023183,-0.0234654,-0.0237386,-0.0240026,-0.0242577,-0.0245041,-0.024742,-0.0249714,-0.0251926,-0.0254057,-0.0256107,-0.025808,-0.0259974,-0.0261793,-0.0263537,-0.0265207,-0.0266804,-0.0268328,-0.0269782,-0.0271165,-0.0272479,-0.0273725,-0.0274902,-0.0276012,-0.0277055,-0.0278032,-0.0278944,-0.027979,-0.0280572,-0.028129,-0.0281944,-0.0282535,-0.0283062,-0.0283527,-0.028393,-0.028427,-0.0284548,-0.0284764,-0.0284918,-0.0285011,-0.0285042,-0.0285011,-0.0284918,-0.0284764,-0.0284548,-0.028427,-0.028393,-0.0283527,-0.0283062,-0.0282535,-0.0281944,-0.028129,-0.0280572,-0.027979,-0.0278944,-0.0278032,-0.0277055,-0.0276012,-0.0274902,-0.0273725,-0.0272479,-0.0271165,-0.0269782,-0.0268328,-0.0266804,-0.0265207,-0.0263537,-0.0261793,-0.0259974,-0.025808,-0.0256107,-0.0254057,-0.0251926,-0.0249714,-0.024742,-0.0245041,-0.0242577,-0.0240026,-0.0237386,-0.0234654,-0.023183,-0.0228912,-0.0225896,-0.0222782,-0.0219566,-0.0216246,-0.0212821,-0.0209286,-0.0205639,-0.0201878,-0.0197998,-0.0193998,-0.0189872,-0.0185618,-0.0181232,-0.0176709,-0.0172046,-0.0167237,-0.0162277,-0.0157162,-0.0151885,-0.0146442,-0.0140825,-0.0135028,-0.0129044,-0.0122865,-0.0116483,-0.0109891,-0.0103078,-0.00960344,-0.00887509,-0.00812162,-0.00734187,-0.00653464,-0.00569864,-0.00483253,-0.00393493,-0.00300437,-0.00203939,-0.00103845,0
0,-0.00107895,-0.0021203,-0.00312551,-0.00409603,-0.00503325,-0.00593856,-0.00681328,-0.00765869,-0.00847602,-0.00926645,-0.0100311,-0.010771,-0.0114872,-0.0121806,-0.0128522,-0.0135028,-0.0141331,-0.014744,-0.0153361,-0.0159102,-0.0164668,-0.0170066,-0.01753,-0.0180378,-0.0185303,-0.019008,-0.0194714,-0.0199208,-0.0203568,-0.0207797,-0.0211898,-0.0215875,-0.0219731,-0.0223469,-0.0227093,-0.0230604,-0.0234006,-0.0237302,-0.0240492,-0.0243581,-0.0246569,-0.024946,-0.0252254,-0.0254955,-0.0257563,-0.0260081,-0.026251,-0.0264852,-0.0267108,-0.0269279,-0.0271367,-0.0273374,-0.02753,-0.0277146,-0.0278915,-0.0280606,-0.0282221,-0.028376,-0.0285226,-0.0286617,-0.0287936,-0.0289183,-0.0290359,-0.0291464,-0.0292499,-0.0293464,-0.0294361,-0.0295189,-0.029595,-0.0296643,-0.0297268,-0.0297827,-0.029832,-0.0298746,-0.0299107,-0.0299401,-0.029963,-0.0299793,-0.0299891,-0.0299924,-0.0299891,-0.0299793,-0.029963,-0.0299401,-0.0299107,-0.0298746,-0.029832,-0.0297827,-0.0297268,-0.0296643,-0.029595,-0.0295189,-0.0294361,-0.0293464,-0.0292499,-0.0291464,-0.0290359,-0.0289183,-0.0287936,-0.0286617,-0.0285226,-0.028376,-0.0282221,-0.0280606,-0.0278915,-0.0277146,-0.02753,-0.0273374,-0.0271367,-0.0269279,-0.0267108,-0.0264852,-0.026251,-0.0260081,-0.0257563,-0.0254955,-0.0252254,-0.024946,-0.0246569,-0.0243581,-0.0240492,-0.0237302,-0.0234006,-0.0230604,-0.0227093,-0.0223469,-0.0219731,-0.0215875,-0.0211898,-0.0207797,-0.0203568,-0.0199208,-0.0194714,-0.019008,-0.0185303,-0.0180378,-0.01753,-0.0170066,-0.0164668,-0.0159102,-0.0153361,-0.014744,-0.0141331,-0.0135028,-0.0128522,-0.0121806,-0.0114872,-0.010771,-0.0100311,-0.00926645,-0.00847602,-0.00765869,-0.00681328,-0.00593856,-0.00503325,-0.00409603,-0.00312551,-0.0021203,-0.00107895,0
0,-0.00111799,-0.0021983,-0.00324231,-0.00425139,-0.00522687,-0.00617006,-0.00708222,-0.00796459,-0.00881835,-0.00964462,-0.0104445,-0.011219,-0.0119692,-0.0126959,-0.0134,-0.0140825,-0.014744,-0.0153853,-0.0160073,-0.0166104,-0.0171954,-0.0177628,-0.0183133,-0.0188474,-0.0193655,-0.0198682,-0.0203559,-0.0208291,-0.0212882,-0.0217335,-0.0221654,-0.0225844,-0.0229906,-0.0233845,-0.0237664,-0.0241364,-0.024495,-0.0248424,-0.0251787,-0.0255043,-0.0258194,-0.0261242,-0.0264189,-0.0267038,-0.0269788,-0.0272444,-0.0275006,-0.0277476,-0.0279856,-0.0282147,-0.028435,-0.0286467,-0.0288499,-0.0290447,-0.0292313,-0.0294098,-0.0295802,-0.0297426,-0.0298972,-0.0300441,-0.0301833,-0.0303149,-0.030439,-0.0305556,-0.0306648,-0.0307667,-0.0308614,-0.0309488,-0.0310291,-0.0311022,-0.0311683,-0.0312273,-0.0312792,-0.0313242,-0.0313623,-0.0313934,-0.0314175,-0.0314348,-0.0314451,-0.0314486,-0.0314451,-0.0314348,-0.0314175,-0.0313934,-0.0313623,-0.0313242,-0.0312792,-0.0312273,-0.0311683,-0.0311022,-0.0310291,-0.0309488,-0.0308614,-0.0307667,-0.0306648,-0.0305556,-0.030439,-0.0303149,-0.0301833,-0.0300441,-0.0298972,-0.0297426,-0.0295802,-0.0294098,-0.0292313,-0.0290447,-0.0288499,-0.0286467,-0.028435,-0.0282147,-0.0279856,-0.0277476,-0.0275006,-0.0272444,-0.0269788,-0.0267038,-0.0264189,-0.0261242,-0.0258194,-0.0255043,-0.0251787,-0.0248424,-0.024495,-0.0241364,-0.0237664,-0.0233845,-0.0229906,-0.0225844,-0.0221654,-0.0217335,-0.0212882,-0.0208291,-0.0203559,-0.0198682,-0.0193655,-0.0188474,-0.0183133,-0.0177628,-0.0171954,-0.0166104,-0.0160073,-0.0153853,-0.014744,-0.0140825,-0.0134,-0.0126959,-0.0119692,-0.011219,-0.0104445,-0.00964462,-0.00881835,-0.00796459,-0.00708222,-0.00617006,-0.00522687,-0.00425139,-0.00324231,-0.0021983,-0.00111799,0
0,-0.00115565,-0.00227355,-0.00335501,-0.00440132,-0.00541376,-0.00639357,-0.00734196,-0.00826012,-0.00914917,-0.0100102,-0.0108443,-0.0116525,-0.0124356,-0.0131947,-0.0139306,-0.0146442,-0.0153361,-0.0160073,-0.0166583,-0.0172899,-0.0179026,-0.0184972,-0.0190742,-0.019634,-0.0201773,-0.0207046,-0.0212162,-0.0217127,-0.0221945,-0.0226619,-0.0231153,-0.0235551,-0.0239817,-0.0243954,-0.0247964,-0.0251852,-0.0255619,-0.0259268,-0.0262802,-0.0266224,-0.0269535,-0.0272739,-0.0275836,-0.027883,-0.0281722,-0.0284514,-0.0287207,-0.0289804,-0.0292306,-0.0294715,-0.0297032,-0.0299258,-0.0301395,-0.0303444,-0.0305406,-0.0307283,-0.0309075,-0.0310784,-0.0312411,-0.0313955,-0.031542,-0.0316804,-0.0318109,-0.0319336,-0.0320485,-0.0321557,-0.0322553,-0.0323473,-0.0324317,-0.0325086,-0.0325781,-0.0326402,-0.0326949,-0.0327422,-0.0327822,-0.032815,-0.0328404,-0.0328585,-0.0328694,-0.032873,-0.0328694,-0.0328585,-0.0328404,-0.032815,-0.0327822,-0.0327422,-0.0326949,-0.0326402,-0.0325781,-0.0325086,-0.0324317,-0.0323473,-0.0322553,-0.0321557,-0.0320485,-0.0319336,-0.0318109,-0.0316804,-0.031542,-0.0313955,-0.0312411,-0.0310784,-0.0309075,-0.0307283,-0.0305406,-0.0303444,-0.0301395,-0.0299258,-0.0297032,-0.0294715,-0.0292306,-0.0289804,-0.0287207,-0.0284514,-0.0281722,-0.027883,-0.0275836,-0.0272739,-0.0269535,-0.0266224,-0.0262802,-0.0259268,-0.0255619,-0.0251852,-0.0247964,-0.0243954,-0.0239817,-0.0235551,-0.0231153,-0.0226619,-0.0221945,-0.0217127,-0.0212162,-0.0207046,-0.0201773,-0.019634,-0.0190742,-0.0184972,-0.0179026,-0.0172899,-0.0166583,-0.0160073,-0.0153361,-0.0146442,-0.0139306,-0.0131947,-0.0124356,-0.0116525,-0.0108443,-0.0100102,-0.00914917,-0.00826012,-0.00734196,-0.00639357,-0.00541376,-0.00440132,-0.00335501,-0.00227355,-0.00115565,0
0,-0.001192,-0.0023462,-0.00346382,-0.0045461,-0.00559426,-0.00660949,-0.00759294,-0.00854576,-0.00946902,-0.0103638,-0.0112311,-0.0120719,-0.0128872,-0.0136778,-0.0144447,-0.0151885,-0.0159102,-0.0166104,-0.0172899,-0.0179492,-0.0185892,-0.0192103,-0.0198132,-0.0203984,-0.0209664,-0.0215178,-0.0220529,-0.0225722,-0.0230763,-0.0235654,-0.02404,-0.0245004,-0.024947,-0.0253801,-0.0258001,-0.0262072,-0.0266018,-0.026984,-0.0273543,-0.0277128,-0.0280597,-0.0283954,-0.02872,-0.0290338,-0.0293369,-0.0296295,-0.0299118,-0.0301841,-0.0304464,-0.0306989,-0.0309418,-0.0311752,-0.0313993,-0.0316141,-0.0318199,-0.0320167,-0.0322047,-0.0323839,-0.0325544,-0.0327164,-0.03287,-0.0330152,-0.0331521,-0.0332807,-0.0334013,-0.0335137,-0.0336182,-0.0337146,-0.0338032,-0.0338839,-0.0339568,-0.0340219,-0.0340793,-0.034129,-0.0341709,-0.0342053,-0.0342319,-0.034251,-0.0342624,-0.0342662,-0.0342624,-0.034251,-0.0342319,-0.0342053,-0.0341709,-0.034129,-0.0340793,-0.0340219,-0.0339568,-0.0338839,-0.0338032,-0.0337146,-0.0336182,-0.0335137,-0.0334013,-0.0332807,-0.0331521,-0.0330152,-0.03287,-0.0327164,-0.0325544,-0.0323839,-0.0322047,-0.0320167,-0.0318199,-0.0316141,-0.0313993,-0.0311752,-0.0309418,-0.0306989,-0.0304464,-0.0301841,-0.0299118,-0.0296295,-0.0293369,-0.0290338,-0.02872,-0.0283954,-0.0280597,-0.0277128,-0.0273543,-0.026984,-0.0266018,-0.0262072,-0.0258001,-0.0253801,-0.024947,-0.0245004,-0.02404,-0.0235654,-0.0230763,-0.0225722,-0.0220529,-0.0215178,-0.0209664,-0.0203984,-0.0198132,-0.0192103,-0.0185892,-0.0179492,-0.0172899,-0.0166104,-0.0159102,-0.0151885,-0.0144447,-0.0136778,-0.0128872,-0.0120719,-0.0112311,-0.0103638,-0.00946902,-0.00854576,-0.00759294,-0.00660949,-0.00559426,-0.0045461,-0.00346382,-0.0023462,-0.001192,0
0,-0.00122712,-0.00241637,-0.00356894,-0.00468599,-0.00576869,-0.00681818,-0.00783558,-0.00882196,-0.00977839,-0.0107059,-0.0116054,-0.012478,-0.0133245,-0.0141458,-0.0149428,-0.0157162,-0.0164668,-0.0171954,-0.0179026,-0.0185892,-0.0192557,-0.0199029,-0.0205312,-0.0211411,-0.0217334,-0.0223083,-0.0228665,-0.0234083,-0.0239342,-0.0244447,-0.02494,-0.0254207,-0.025887,-0.0263392,-0.0267778,-0.0272031,-0.0276152,-0.0280145,-0.0284014,-0.028776,-0.0291385,-0.0294893,-0.0298286,-0.0301565,-0.0304733,-0.0307792,-0.0310744,-0.031359,-0.0316332,-0.0318973,-0.0321512,-0.0323953,-0.0326296,-0.0328543,-0.0330695,-0.0332753,-0.0334719,-0.0336593,-0.0338377,-0.0340072,-0.0341678,-0.0343197,-0.0344629,-0.0345975,-0.0347236,-0.0348412,-0.0349504,-0.0350514,-0.035144,-0.0352285,-0.0353047,-0.0353728,-0.0354329,-0.0354848,-0.0355287,-0.0355646,-0.0355925,-0.0356125,-0.0356244,-0.0356284,-0.0356244,-0.0356125,-0.0355925,-0.0355646,-0.0355287,-0.0354848,-0.0354329,-0.0353728,-0.0353047,-0.0352285,-0.035144,-0.0350514,-0.0349504,-0.0348412,-0.0347236,-0.0345975,-0.0344629,-0.0343197,-0.0341678,-0.0340072,-0.0338377,-0.0336593,-0.0334719,-0.0332753,-0.0330695,-0.0328543,-0.0326296,-0.0323953,-0.0321512,-0.0318973,-0.0316332,-0.031359,-0.0310744,-0.0307792,-0.0304733,-0.0301565,-0.0298286,-0.0294893,-0.0291385,-0.028776,-0.0284014,-0.0280145,-0.0276152,-0.0272031,-0.0267778,-0.0263392,-0.025887,-0.0254207,-0.02494,-0.0244447,-0.0239342,-0.0234083,-0.0228665,-0.0223083,-0.0217334,-0.0211411,-0.0205312,-0.0199029,-0.0192557,-0.0185892,-0.0179026,-0.0171954,-0.0164668,-0.0157162,-0.0149428,-0.0141458,-0.0133245,-0.012478,-0.0116054,-0.0107059,-0.00977839,-0.00882196,-0.00783558,-0.00681818,-0.00576869,-0.00468599,-0.00356894,-0.00241637,-0.00122712,0
0,-0.00126106,-0.00248419,-0.00367053,-0.00482121,-0.00593732,-0.00701997,-0.00807023,-0.00908914,-0.0100777,-0.011037,-0.0119678,-0.0128712,-0.0137481,-0.0145992,-0.0154255,-0.0162277,-0.0170066,-0.0177628,-0.0184972,-0.0192103,-0.0199029,-0.0205754,-0.0212285,-0.0218628,-0.0224787,-0.0230769,-0.0236576,-0.0242215,-0.0247689,-0.0253003,-0.0258161,-0.0263166,-0.0268022,-0.0272733,-0.0277302,-0.0281733,-0.0286027,-0.0290189,-0.029422,-0.0298125,-0.0301904,-0.0305561,-0.0309098,-0.0312517,-0.0315821,-0.031901,-0.0322089,-0.0325057,-0.0327917,-0.0330671,-0.033332,-0.0335866,-0.033831,-0.0340654,-0.0342899,-0.0345046,-0.0347097,-0.0349053,-0.0350914,-0.0352682,-0.0354358,-0.0355943,-0.0357437,-0.0358842,-0.0360157,-0.0361385,-0.0362525,-0.0363578,-0.0364545,-0.0365427,-0.0366222,-0.0366933,-0.036756,-0.0368102,-0.036856,-0.0368935,-0.0369226,-0.0369434,-0.0369559,-0.03696,-0.0369559,-0.0369434,-0.0369226,-0.0368935,-0.036856,-0.0368102,-0.036756,-0.0366933,-0.0366222,-0.0365427,-0.0364545,-0.0363578,-0.0362525,-0.0361385,-0.0360157,-0.0358842,-0.0357437,-0.0355943,-0.0354358,-0.0352682,-0.0350914,-0.0349053,-0.0347097,-0.0345046,-0.0342899,-0.0340654,-0.033831,-0.0335866,-0.033332,-0.0330671,-0.0327917,-0.0325057,-0.0322089,-0.031901,-0.0315821,-0.0312517,-0.0309098,-0.0305561,-0.0301904,-0.0298125,-0.029422,-0.0290189,-0.0286027,-0.0281733,-0.0277302,-0.0272733,-0.0268022,-0.0263166,-0.0258161,-0.0253003,-0.0247689,-0.0242215,-0.0236576,-0.0230769,-0.0224787,-0.0218628,-0.0212285,-0.0205754,-0.0199029,-0.0192103,-0.0184972,-0.0177628,-0.0170066,-0.0162277,-0.0154255,-0.0145992,-0.0137481,-0.0128712,-0.0119678,-0.011037,-0.0100777,-0.00908914,-0.00807023,-0.00701997,-0.00593732,-0.00482121,-0.00367053,-0.00248419,-0.00126106,0
