1.89466e-27,0,0,0,0,0,0,0,0,0,0,0,0,0,0,0,0,0,0,0,0,0,0,0,0,0,0,0,0,0,0,0,0,0,0,0,0,0,0,0,0,0,0,0,0,0,0,0,0,0,0,0,0,0,0,0,0,0,0,0,0,0,0,0,0,0,0,0,0,0,0,0,0,0,0,0,0,0,0,0,0,0,0,0,0,0,0,0,0,0,0,0,0,0,0,0,0,0,0,0,0,0,0,0,0,0,0,0,0,0,0,0,0,0,0,0,0,0,0,0,0,0,0,0,0,0,0,0,0,0,0,0,0,0,0,0,0,0,0,0,0,0,0,0,0,0,0,0,0,0,0,0,0,0,0,0,0,0,0,0,0
0,-0.000118825,-0.000218119,-0.000305603,-0.000384908,-0.000458022,-0.000526171,-0.000590178,-0.000650636,-0.000707986,-0.000762574,-0.000814676,-0.000864519,-0.00091229,-0.00095815,-0.00100223,-0.00104466,-0.00108554,-0.00112495,-0.00116298,-0.0011997,-0.00123518,-0.00126948,-0.00130265,-0.00133474,-0.00136579,-0.00139584,-0.00142494,-0.00145312,-0.0014804,-0.00150683,-0.00153243,-0.00155722,-0.00158124,-0.00160449,-0.00162701,-0.00164882,-0.00166993,-0.00169036,-0.00171014,-0.00172927,-0.00174776,-0.00176565,-0.00178293,-0.00179963,-0.00181574,-0.0018313,-0.00184629,-0.00186075,-0.00187467,-0.00188807,-0.00190095,-0.00191332,-0.0019252,-0.00193658,-0.00194748,-0.00195791,-0.00196786,-0.00197734,-0.00198637,-0.00199494,-0.00200307,-0.00201075,-0.00201799,-0.00202479,-0.00203117,-0.00203711,-0.00204264,-0.00204774,-0.00205242,-0.00205668,-0.00206054,-0.00206398,-0.00206701,-0.00206964,-0.00207186,-0.00207367,-0.00207508,-0.00207609,-0.00207669,-0.00207689,-0.00207669,-0.00207609,-0.00207508,-0.00207368,-0.00207186,-0.00206965,-0.00206702,-0.00206399,-0.00206055,-0.0020567,-0.00205244,-0.00204776,-0.00204266,-0.00203714,-0.00203119,-0.00202482,-0.00201802,-0.00201078,-0.0020031,-0.00199498,-0.00198641,-0.00197738,-0.0019679,-0.00195795,-0.00194752,-0.00193663,-0.00192524,-0.00191337,-0.00190099,-0.00188811,-0.00187472,-0.0018608,-0.00184634,-0.00183134,-0.00181579,-0.00179967,-0.00178298,-0.0017657,-0.00174782,-0.00172932,-0.00171019,-0.00169042,-0.00166998,-0.00164887,-0.00162706,-0.00160454,-0.00158129,-0.00155727,-0.00153248,-0.00150688,-0.00148045,-0.00145316,-0.00142499,-0.00139589,-0.00136583,-0.00133478,-0.00130269,-0.00126953,-0.00123523,-0.00119974,-0.00116302,-0.00112499,-0.00108557,-0.0010447,-0.00100227,-0.000958182,-0.000912321,-0.000864547,-0.000814703,-0.000762598,-0.000708008,-0.000650656,-0.000590196,-0.000526186,-0.000458035,-0.000384919,-0.000305611,-0.000218125,-0.000118828,7.57864e-28
0,-0.000218119,-0.000408987,-0.000580323,-0.000736945,-0.000881948,-0.00101742,-0.00114485,-0.00126532,-0.00137967,-0.00148857,-0.00159255,-0.00169205,-0.00178743,-0.00187902,-0.00196707,-0.00205182,-0.00213348,-0.00221222,-0.00228821,-0.00236159,-0.0024325,-0.00250104,-0.00256732,-0.00263145,-0.00269351,-0.00275358,-0.00281174,-0.00286806,-0.00292261,-0.00297544,-0.00302661,-0.00307617,-0.00312417,-0.00317066,-0.00321569,-0.00325928,-0.00330149,-0.00334234,-0.00338187,-0.00342011,-0.00345709,-0.00349285,-0.0035274,-0.00356077,-0.003593,-0.00362409,-0.00365408,-0.00368298,-0.00371081,-0.0037376,-0.00376336,-0.0037881,-0.00381184,-0.0038346,-0.0038564,-0.00387723,-0.00389713,-0.0039161,-0.00393415,-0.00395129,-0.00396753,-0.00398289,-0.00399736,-0.00401097,-0.00402371,-0.0040356,-0.00404664,-0.00405684,-0.0040662,-0.00407473,-0.00408244,-0.00408932,-0.00409538,-0.00410063,-0.00410507,-0.00410869,-0.00411151,-0.00411352,-0.00411473,-0.00411514,-0.00411474,-0.00411353,-0.00411152,-0.00410871,-0.00410508,-0.00410065,-0.00409541,-0.00408935,-0.00408247,-0.00407477,-0.00406624,-0.00405688,-0.00404669,-0.00403565,-0.00402376,-0.00401102,-0.00399742,-0.00398295,-0.00396759,-0.00395135,-0.00393421,-0.00391617,-0.0038972,-0.00387731,-0.00385647,-0.00383468,-0.00381192,-0.00378818,-0.00376344,-0.00373769,-0.0037109,-0.00368307,-0.00365417,-0.00362419,-0.00359309,-0.00356087,-0.0035275,-0.00349295,-0.00345719,-0.00342021,-0.00338197,-0.00334244,-0.00330159,-0.00325938,-0.00321579,-0.00317077,-0.00312427,-0.00307627,-0.00302671,-0.00297554,-0.00292271,-0.00286816,-0.00281184,-0.00275368,-0.0026936,-0.00263154,-0.00256741,-0.00250112,-0.00243258,-0.00236168,-0.00228829,-0.0022123,-0.00213355,-0.00205189,-0.00196713,-0.00187908,-0.00178749,-0.00169211,-0.0015926,-0.00148862,-0.00137972,-0.00126536,-0.00114488,-0.00101745,-0.000881974,-0.000736966,-0.000580339,-0.000408997,-0.000218125,1.51573e-27
0,-0.000305603,-0.000580323,-0.000830697,-0.00106154,-0.00127634,-0.00147766,-0.00166741,-0.00184706,-0.00201776,-0.00218044,-0.00233585,-0.00248464,-0.00262732,-0.00276436,-0.00289614,-0.00302301,-0.00314527,-0.00326319,-0.003377,-0.00348691,-0.00359312,-0.00369579,-0.0037951,-0.00389118,-0.00398417,-0.00407418,-0.00416134,-0.00424574,-0.00432748,-0.00440665,-0.00448334,-0.00455762,-0.00462957,-0.00469926,-0.00476674,-0.00483209,-0.00489535,-0.00495658,-0.00501584,-0.00507316,-0.0051286,-0.0051822,-0.005234,-0.00528403,-0.00533234,-0.00537895,-0.00542391,-0.00546723,-0.00550896,-0.00554912,-0.00558773,-0.00562482,-0.00566042,-0.00569455,-0.00572722,-0.00575846,-0.00578829,-0.00581673,-0.00584379,-0.00586949,-0.00589384,-0.00591686,-0.00593857,-0.00595897,-0.00597807,-0.0059959,-0.00601245,-0.00602774,-0.00604178,-0.00605457,-0.00606612,-0.00607643,-0.00608553,-0.00609339,-0.00610005,-0.00610548,-0.00610971,-0.00611273,-0.00611454,-0.00611515,-0.00611455,-0.00611274,-0.00610973,-0.00610551,-0.00610007,-0.00609343,-0.00608556,-0.00607648,-0.00606616,-0.00605462,-0.00604183,-0.0060278,-0.00601252,-0.00599597,-0.00597815,-0.00595905,-0.00593865,-0.00591695,-0.00589393,-0.00586958,-0.00584389,-0.00581683,-0.0057884,-0.00575858,-0.00572734,-0.00569467,-0.00566055,-0.00562495,-0.00558786,-0.00554925,-0.0055091,-0.00546737,-0.00542405,-0.00537909,-0.00533248,-0.00528418,-0.00523414,-0.00518235,-0.00512875,-0.00507331,-0.00501599,-0.00495673,-0.0048955,-0.00483224,-0.00476689,-0.00469941,-0.00462973,-0.00455778,-0.00448349,-0.0044068,-0.00432763,-0.00424589,-0.00416148,-0.00407433,-0.00398431,-0.00389132,-0.00379524,-0.00369592,-0.00359324,-0.00348703,-0.00337712,-0.0032633,-0.00314539,-0.00302312,-0.00289624,-0.00276445,-0.00262741,-0.00248472,-0.00233593,-0.00218051,-0.00201782,-0.00184712,-0.00166746,-0.00147771,-0.00127638,-0.00106157,-0.000830721,-0.00058034,-0.000305611,2.27359e-27
0,-0.000384908,-0.000736945,-0.00106154,-0.00136312,-0.00164516,-0.00191041,-0.00216102,-0.00239869,-0.0026248,-0.00284051,-0.00304673,-0.00324427,-0.0034338,-0.0036159,-0.00379108,-0.00395977,-0.00412237,-0.00427922,-0.00443063,-0.00457688,-0.00471822,-0.00485487,-0.00498706,-0.00511496,-0.00523875,-0.0053586,-0.00547465,-0.00558703,-0.00569588,-0.00580131,-0.00590344,-0.00600237,-0.0060982,-0.00619101,-0.00628089,-0.00636793,-0.0064522,-0.00653376,-0.0066127,-0.00668906,-0.00676292,-0.00683432,-0.00690332,-0.00696998,-0.00703433,-0.00709644,-0.00715633,-0.00721405,-0.00726965,-0.00732315,-0.00737459,-0.00742401,-0.00747144,-0.00751691,-0.00756044,-0.00760207,-0.00764181,-0.0076797,-0.00771576,-0.00775,-0.00778245,-0.00781312,-0.00784205,-0.00786923,-0.00789469,-0.00791844,-0.00794049,-0.00796087,-0.00797957,-0.00799661,-0.008012,-0.00802575,-0.00803786,-0.00804835,-0.00805721,-0.00806446,-0.00807009,-0.00807411,-0.00807653,-0.00807733,-0.00807653,-0.00807413,-0.00807011,-0.00806449,-0.00805725,-0.00804839,-0.00803791,-0.00802581,-0.00801206,-0.00799668,-0.00797965,-0.00796095,-0.00794058,-0.00791853,-0.00789479,-0.00786934,-0.00784216,-0.00781325,-0.00778257,-0.00775013,-0.00771589,-0.00767985,-0.00764196,-0.00760222,-0.0075606,-0.00751707,-0.00747161,-0.00742418,-0.00737477,-0.00732333,-0.00726983,-0.00721424,-0.00715652,-0.00709663,-0.00703453,-0.00697017,-0.00690352,-0.00683452,-0.00676312,-0.00668926,-0.0066129,-0.00653397,-0.0064524,-0.00636814,-0.0062811,-0.00619121,-0.0060984,-0.00600257,-0.00590364,-0.00580151,-0.00569608,-0.00558722,-0.00547484,-0.00535879,-0.00523894,-0.00511514,-0.00498724,-0.00485505,-0.00471839,-0.00457704,-0.00443079,-0.00427937,-0.00412251,-0.00395991,-0.00379121,-0.00361603,-0.00343392,-0.00324438,-0.00304684,-0.0028406,-0.00262489,-0.00239877,-0.00216109,-0.00191048,-0.00164522,-0.00136316,-0.00106157,-0.000736967,-0.000384919,3.03146e-27
0,-0.000458022,-0.000881948,-0.00127634,-0.00164516,-0.00199172,-0.00231876,-0.0026285,-0.00292281,-0.00320322,-0.003471,-0.00372724,-0.00397286,-0.00420866,-0.00443532,-0.00465345,-0.00486357,-0.00506616,-0.00526164,-0.00545037,-0.00563271,-0.00580895,-0.00597939,-0.00614426,-0.00630381,-0.00645825,-0.00660777,-0.00675257,-0.00689281,-0.00702865,-0.00716024,-0.00728771,-0.00741119,-0.0075308,-0.00764665,-0.00775886,-0.00786752,-0.00797272,-0.00807455,-0.0081731,-0.00826844,-0.00836065,-0.0084498,-0.00853596,-0.00861919,-0.00869955,-0.0087771,-0.00885189,-0.00892397,-0.0089934,-0.00906021,-0.00912445,-0.00918617,-0.0092454,-0.00930218,-0.00935655,-0.00940853,-0.00945817,-0.00950549,-0.00955052,-0.00959328,-0.00963381,-0.00967212,-0.00970824,-0.00974219,-0.00977399,-0.00980365,-0.0098312,-0.00985664,-0.00988,-0.00990129,-0.00992051,-0.00993768,-0.00995281,-0.00996591,-0.00997698,-0.00998603,-0.00999306,-0.00999808,-0.0100011,-0.0100021,-0.0100011,-0.0099981,-0.00999309,-0.00998606,-0.00997702,-0.00996596,-0.00995287,-0.00993775,-0.00992059,-0.00990137,-0.0098801,-0.00985675,-0.00983131,-0.00980377,-0.00977412,-0.00974233,-0.00970839,-0.00967227,-0.00963397,-0.00959345,-0.00955069,-0.00950567,-0.00945836,-0.00940873,-0.00935675,-0.00930238,-0.00924561,-0.00918638,-0.00912467,-0.00906043,-0.00899362,-0.0089242,-0.00885213,-0.00877734,-0.0086998,-0.00861944,-0.00853621,-0.00845005,-0.0083609,-0.00826869,-0.00817335,-0.0080748,-0.00797297,-0.00786777,-0.00775912,-0.00764691,-0.00753105,-0.00741144,-0.00728796,-0.00716049,-0.0070289,-0.00689306,-0.00675281,-0.00660801,-0.00645848,-0.00630403,-0.00614448,-0.0059796,-0.00580917,-0.00563291,-0.00545057,-0.00526183,-0.00506634,-0.00486375,-0.00465362,-0.00443548,-0.00420881,-0.003973,-0.00372737,-0.00347112,-0.00320333,-0.00292291,-0.00262859,-0.00231883,-0.00199179,-0.00164522,-0.00127638,-0.000881975,-0.000458036,3.78932e-27
0,-0.000526171,-0.00101742,-0.00147766,-0.00191041,-0.00231876,-0.00270533,-0.00307237,-0.00342179,-0.0037552,-0.00407398,-0.00437931,-0.00467223,-0.0049536,-0.00522422,-0.00548477,-0.00573586,-0.00597802,-0.00621175,-0.00643747,-0.00665559,-0.00686646,-0.00707042,-0.00726774,-0.00745873,-0.00764361,-0.00782264,-0.00799603,-0.00816396,-0.00832665,-0.00848425,-0.00863693,-0.00878484,-0.00892813,-0.00906692,-0.00920135,-0.00933153,-0.00945758,-0.00957959,-0.00969768,-0.00981193,-0.00992243,-0.0100293,-0.0101325,-0.0102323,-0.0103286,-0.0104215,-0.0105111,-0.0105975,-0.0106807,-0.0107608,-0.0108378,-0.0109118,-0.0109828,-0.0110509,-0.011116,-0.0111783,-0.0112378,-0.0112946,-0.0113485,-0.0113998,-0.0114484,-0.0114943,-0.0115376,-0.0115783,-0.0116164,-0.011652,-0.011685,-0.0117155,-0.0117435,-0.011769,-0.0117921,-0.0118126,-0.0118308,-0.0118465,-0.0118598,-0.0118706,-0.011879,-0.0118851,-0.0118887,-0.0118899,-0.0118887,-0.0118851,-0.0118791,-0.0118706,-0.0118598,-0.0118465,-0.0118309,-0.0118127,-0.0117922,-0.0117691,-0.0117436,-0.0117156,-0.0116851,-0.0116521,-0.0116166,-0.0115785,-0.0115378,-0.0114945,-0.0114486,-0.0114,-0.0113487,-0.0112948,-0.0112381,-0.0111786,-0.0111163,-0.0110511,-0.010983,-0.0109121,-0.0108381,-0.0107611,-0.010681,-0.0105978,-0.0105114,-0.0104218,-0.0103289,-0.0102326,-0.0101328,-0.0100296,-0.00992273,-0.00981223,-0.00969798,-0.0095799,-0.00945788,-0.00933184,-0.00920166,-0.00906723,-0.00892843,-0.00878514,-0.00863723,-0.00848455,-0.00832694,-0.00816426,-0.00799631,-0.00782292,-0.00764389,-0.007459,-0.00726801,-0.00707068,-0.00686672,-0.00665584,-0.00643771,-0.00621198,-0.00597825,-0.00573607,-0.00548498,-0.00522442,-0.00495379,-0.0046724,-0.00437947,-0.00407413,-0.00375533,-0.00342191,-0.00307248,-0.00270542,-0.00231883,-0.00191048,-0.00147771,-0.00101745,-0.000526187,4.54719e-27
0,-0.000590178,-0.00114485,-0.00166741,-0.00216102,-0.0026285,-0.00307237,-0.00349481,-0.00389772,-0.00428276,-0.00465136,-0.00500477,-0.00534408,-0.00567026,-0.00598416,-0.00628652,-0.00657803,-0.00685928,-0.00713083,-0.00739315,-0.00764669,-0.00789186,-0.00812903,-0.00835854,-0.00858071,-0.00879581,-0.00900412,-0.00920589,-0.00940135,-0.0095907,-0.00977415,-0.00995189,-0.0101241,-0.0102909,-0.0104525,-0.0106091,-0.0107607,-0.0109074,-0.0110496,-0.0111871,-0.0113201,-0.0114488,-0.0115733,-0.0116936,-0.0118098,-0.0119219,-0.0120302,-0.0121346,-0.0122353,-0.0123322,-0.0124255,-0.0125152,-0.0126014,-0.0126841,-0.0127634,-0.0128393,-0.0129119,-0.0129813,-0.0130474,-0.0131103,-0.01317,-0.0132266,-0.0132801,-0.0133306,-0.013378,-0.0134224,-0.0134638,-0.0135023,-0.0135379,-0.0135705,-0.0136002,-0.0136271,-0.0136511,-0.0136722,-0.0136905,-0.013706,-0.0137186,-0.0137284,-0.0137354,-0.0137397,-0.0137411,-0.0137397,-0.0137355,-0.0137285,-0.0137187,-0.013706,-0.0136906,-0.0136723,-0.0136512,-0.0136272,-0.0136003,-0.0135706,-0.013538,-0.0135025,-0.013464,-0.0134226,-0.0133782,-0.0133308,-0.0132803,-0.0132268,-0.0131702,-0.0131105,-0.0130476,-0.0129815,-0.0129122,-0.0128396,-0.0127637,-0.0126844,-0.0126017,-0.0125155,-0.0124258,-0.0123325,-0.0122356,-0.012135,-0.0120305,-0.0119223,-0.0118101,-0.0116939,-0.0115736,-0.0114492,-0.0113205,-0.0111874,-0.0110499,-0.0109078,-0.010761,-0.0106094,-0.0104529,-0.0102913,-0.0101244,-0.00995224,-0.0097745,-0.00959104,-0.00940169,-0.00920623,-0.00900445,-0.00879614,-0.00858102,-0.00835885,-0.00812934,-0.00789216,-0.00764698,-0.00739342,-0.00713109,-0.00685954,-0.00657828,-0.00628676,-0.00598438,-0.00567047,-0.00534428,-0.00500495,-0.00465153,-0.00428291,-0.00389786,-0.00349493,-0.00307248,-0.00262859,-0.00216109,-0.00166747,-0.00114489,-0.000590198,5.30505e-27
0,-0.000650636,-0.00126532,-0.00184706,-0.00239869,-0.00292281,-0.00342179,-0.00389772,-0.00435248,-0.00478771,-0.00520488,-0.00560527,-0.00599002,-0.00636016,-0.00671658,-0.00706009,-0.00739142,-0.00771122,-0.00802009,-0.00831856,-0.00860712,-0.00888623,-0.00915628,-0.00941766,-0.00967072,-0.00991577,-0.0101531,-0.0103831,-0.0106058,-0.0108216,-0.0110308,-0.0112334,-0.0114297,-0.0116199,-0.0118042,-0.0119827,-0.0121556,-0.012323,-0.0124851,-0.0126419,-0.0127937,-0.0129405,-0.0130825,-0.0132197,-0.0133522,-0.0134802,-0.0136038,-0.0137229,-0.0138377,-0.0139483,-0.0140548,-0.0141571,-0.0142555,-0.0143499,-0.0144404,-0.014527,-0.0146098,-0.014689,-0.0147644,-0.0148361,-0.0149043,-0.0149689,-0.01503,-0.0150876,-0.0151417,-0.0151924,-0.0152397,-0.0152836,-0.0153241,-0.0153614,-0.0153953,-0.015426,-0.0154533,-0.0154775,-0.0154983,-0.015516,-0.0155304,-0.0155416,-0.0155497,-0.0155545,-0.0155561,-0.0155545,-0.0155497,-0.0155417,-0.0155305,-0.0155161,-0.0154984,-0.0154776,-0.0154535,-0.0154261,-0.0153955,-0.0153615,-0.0153243,-0.0152838,-0.0152399,-0.0151926,-0.0151419,-0.0150878,-0.0150302,-0.0149692,-0.0149046,-0.0148364,-0.0147647,-0.0146893,-0.0146102,-0.0145273,-0.0144407,-0.0143502,-0.0142558,-0.0141575,-0.0140551,-0.0139487,-0.0138381,-0.0137233,-0.0136041,-0.0134806,-0.0133526,-0.0132201,-0.0130829,-0.0129409,-0.0127941,-0.0126423,-0.0124855,-0.0123234,-0.012156,-0.0119831,-0.0118046,-0.0116203,-0.0114301,-0.0112338,-0.0110311,-0.010822,-0.0106062,-0.0103834,-0.0101535,-0.00991614,-0.00967108,-0.00941802,-0.00915663,-0.00888656,-0.00860745,-0.00831888,-0.00802039,-0.00771152,-0.0073917,-0.00706036,-0.00671683,-0.0063604,-0.00599025,-0.00560548,-0.00520507,-0.00478789,-0.00435264,-0.00389786,-0.00342191,-0.00292292,-0.00239877,-0.00184712,-0.00126536,-0.000650658,6.06291e-27
0,-0.000707986,-0.00137967,-0.00201776,-0.0026248,-0.00320322,-0.0037552,-0.00428276,-0.00478771,-0.00527168,-0.00573613,-0.00618236,-0.00661155,-0.00702473,-0.00742287,-0.0078068,-0.0081773,-0.00853506,-0.00888072,-0.00921485,-0.00953799,-0.00985061,-0.0101532,-0.0104461,-0.0107297,-0.0110044,-0.0112705,-0.0115284,-0.0117782,-0.0120203,-0.0122548,-0.0124821,-0.0127024,-0.0129159,-0.0131226,-0.013323,-0.013517,-0.0137049,-0.0138868,-0.0140629,-0.0142333,-0.0143981,-0.0145574,-0.0147115,-0.0148603,-0.015004,-0.0151427,-0.0152765,-0.0154054,-0.0155296,-0.0156491,-0.0157641,-0.0158745,-0.0159805,-0.0160821,-0.0161794,-0.0162725,-0.0163613,-0.0164461,-0.0165267,-0.0166032,-0.0166758,-0.0167444,-0.016809,-0.0168698,-0.0169268,-0.0169799,-0.0170292,-0.0170748,-0.0171166,-0.0171547,-0.0171892,-0.0172199,-0.017247,-0.0172705,-0.0172903,-0.0173065,-0.0173191,-0.0173281,-0.0173335,-0.0173353,-0.0173335,-0.0173281,-0.0173191,-0.0173066,-0.0172904,-0.0172706,-0.0172471,-0.01722,-0.0171893,-0.0171549,-0.0171168,-0.017075,-0.0170294,-0.0169801,-0.016927,-0.0168701,-0.0168093,-0.0167446,-0.0166761,-0.0166035,-0.016527,-0.0164464,-0.0163617,-0.0162728,-0.0161798,-0.0160825,-0.0159809,-0.0158749,-0.0157645,-0.0156495,-0.01553,-0.0154058,-0.0152769,-0.0151431,-0.0150044,-0.0148607,-0.0147119,-0.0145579,-0.0143985,-0.0142337,-0.0140633,-0.0138873,-0.0137053,-0.0135174,-0.0133234,-0.0131231,-0.0129163,-0.0127029,-0.0124826,-0.0122553,-0.0120207,-0.0117786,-0.0115288,-0.011271,-0.0110048,-0.0107301,-0.0104465,-0.0101536,-0.00985099,-0.00953835,-0.00921521,-0.00888106,-0.00853539,-0.00817761,-0.0078071,-0.00742315,-0.007025,-0.0066118,-0.0061826,-0.00573635,-0.00527188,-0.00478789,-0.00428292,-0.00375534,-0.00320333,-0.0026249,-0.00201783,-0.00137972,-0.00070801,6.82078e-27
0,-0.000762574,-0.00148857,-0.00218044,-0.00284051,-0.003471,-0.00407398,-0.00465136,-0.00520488,-0.00573613,-0.00624655,-0.00673746,-0.00721002,-0.00766532,-0.00810432,-0.00852791,-0.00893688,-0.00933197,-0.00971384,-0.0100831,-0.0104403,-0.010786,-0.0111207,-0.0114448,-0.0117586,-0.0120626,-0.0123572,-0.0126427,-0.0129193,-0.0131874,-0.0134472,-0.013699,-0.013943,-0.0141794,-0.0144085,-0.0146305,-0.0148455,-0.0150537,-0.0152554,-0.0154505,-0.0156394,-0.0158221,-0.0159987,-0.0161695,-0.0163345,-0.0164938,-0.0166476,-0.0167959,-0.0169388,-0.0170766,-0.0172091,-0.0173366,-0.017459,-0.0175766,-0.0176893,-0.0177972,-0.0179004,-0.0179989,-0.0180929,-0.0181823,-0.0182672,-0.0183476,-0.0184237,-0.0184954,-0.0185629,-0.018626,-0.0186849,-0.0187396,-0.0187902,-0.0188366,-0.0188789,-0.018917,-0.0189512,-0.0189812,-0.0190072,-0.0190292,-0.0190472,-0.0190612,-0.0190712,-0.0190771,-0.0190791,-0.0190772,-0.0190712,-0.0190612,-0.0190473,-0.0190293,-0.0190073,-0.0189813,-0.0189513,-0.0189172,-0.018879,-0.0188368,-0.0187904,-0.0187399,-0.0186852,-0.0186263,-0.0185631,-0.0184957,-0.018424,-0.018348,-0.0182675,-0.0181826,-0.0180932,-0.0179993,-0.0179008,-0.0177976,-0.0176897,-0.017577,-0.0174595,-0.017337,-0.0172096,-0.017077,-0.0169393,-0.0167963,-0.016648,-0.0164943,-0.016335,-0.01617,-0.0159992,-0.0158226,-0.0156399,-0.015451,-0.0152559,-0.0150543,-0.014846,-0.014631,-0.014409,-0.0141799,-0.0139435,-0.0136995,-0.0134477,-0.0131878,-0.0129198,-0.0126431,-0.0123577,-0.0120631,-0.0117591,-0.0114452,-0.0111211,-0.0107865,-0.0104407,-0.0100835,-0.00971422,-0.00933234,-0.00893723,-0.00852825,-0.00810464,-0.00766562,-0.00721031,-0.00673772,-0.0062468,-0.00573635,-0.00520508,-0.00465153,-0.00407413,-0.00347113,-0.00284061,-0.00218052,-0.00148863,-0.000762601,7.57864e-27
0,-0.000814676,-0.00159255,-0.00233585,-0.00304673,-0.00372724,-0.00437931,-0.00500477,-0.00560527,-0.00618236,-0.00673746,-0.00727186,-0.00778674,-0.00828318,-0.00876217,-0.0092246,-0.00967132,-0.0101031,-0.0105205,-0.0109244,-0.0113152,-0.0116935,-0.0120598,-0.0124146,-0.0127583,-0.0130913,-0.013414,-0.0137268,-0.0140299,-0.0143237,-0.0146085,-0.0148845,-0.0151521,-0.0154114,-0.0156626,-0.015906,-0.0161418,-0.0163702,-0.0165914,-0.0168055,-0.0170127,-0.0172131,-0.0174069,-0.0175943,-0.0177753,-0.0179502,-0.0181189,-0.0182817,-0.0184386,-0.0185897,-0.0187352,-0.0188751,-0.0190095,-0.0191385,-0.0192622,-0.0193807,-0.0194939,-0.0196021,-0.0197052,-0.0198034,-0.0198966,-0.0199849,-0.0200684,-0.0201472,-0.0202212,-0.0202905,-0.0203552,-0.0204153,-0.0204708,-0.0205217,-0.0205681,-0.0206101,-0.0206475,-0.0206805,-0.0207091,-0.0207332,-0.020753,-0.0207683,-0.0207793,-0.0207858,-0.020788,-0.0207859,-0.0207793,-0.0207684,-0.020753,-0.0207333,-0.0207092,-0.0206806,-0.0206477,-0.0206102,-0.0205683,-0.0205219,-0.020471,-0.0204155,-0.0203555,-0.0202908,-0.0202215,-0.0201475,-0.0200688,-0.0199853,-0.0198969,-0.0198037,-0.0197056,-0.0196025,-0.0194944,-0.0193811,-0.0192627,-0.019139,-0.01901,-0.0188756,-0.0187357,-0.0185902,-0.0184391,-0.0182822,-0.0181194,-0.0179507,-0.0177759,-0.0175948,-0.0174075,-0.0172136,-0.0170132,-0.016806,-0.0165919,-0.0163708,-0.0161424,-0.0159066,-0.0156632,-0.0154119,-0.0151526,-0.0148851,-0.0146091,-0.0143243,-0.0140304,-0.0137273,-0.0134145,-0.0130918,-0.0127588,-0.0124151,-0.0120603,-0.011694,-0.0113156,-0.0109248,-0.010521,-0.0101035,-0.00967171,-0.00922497,-0.00876252,-0.00828351,-0.00778705,-0.00727215,-0.00673773,-0.0061826,-0.00560549,-0.00500496,-0.00437948,-0.00372738,-0.00304685,-0.00233594,-0.00159261,-0.000814706,3.03222e-26
0,-0.000864519,-0.00169205,-0.00248464,-0.00324427,-0.00397286,-0.00467223,-0.00534408,-0.00599002,-0.00661155,-0.00721002,-0.00778674,-0.00834285,-0.00887945,-0.00939753,-0.009898,-0.0103817,-0.0108494,-0.0113019,-0.0117397,-0.0121635,-0.0125739,-0.0129714,-0.0133565,-0.0137297,-0.0140913,-0.0144418,-0.0147815,-0.0151109,-0.0154301,-0.0157396,-0.0160396,-0.0163304,-0.0166123,-0.0168855,-0.0171502,-0.0174066,-0.017655,-0.0178955,-0.0181284,-0.0183537,-0.0185718,-0.0187826,-0.0189865,-0.0191834,-0.0193736,-0.0195572,-0.0197344,-0.0199051,-0.0200696,-0.0202279,-0.0203801,-0.0205264,-0.0206668,-0.0208015,-0.0209304,-0.0210537,-0.0211714,-0.0212836,-0.0213905,-0.0214919,-0.0215881,-0.021679,-0.0217647,-0.0218453,-0.0219208,-0.0219912,-0.0220566,-0.022117,-0.0221724,-0.022223,-0.0222686,-0.0223094,-0.0223453,-0.0223764,-0.0224027,-0.0224242,-0.0224409,-0.0224528,-0.02246,-0.0224623,-0.02246,-0.0224528,-0.0224409,-0.0224242,-0.0224028,-0.0223765,-0.0223454,-0.0223095,-0.0222688,-0.0222232,-0.0221727,-0.0221172,-0.0220568,-0.0219915,-0.0219211,-0.0218456,-0.0217651,-0.0216794,-0.0215885,-0.0214923,-0.0213909,-0.0212841,-0.0211718,-0.0210541,-0.0209308,-0.0208019,-0.0206673,-0.0205269,-0.0203806,-0.0202284,-0.0200701,-0.0199056,-0.0197349,-0.0195578,-0.0193742,-0.019184,-0.018987,-0.0187832,-0.0185724,-0.0183543,-0.018129,-0.0178961,-0.0176556,-0.0174072,-0.0171508,-0.0168861,-0.0166129,-0.016331,-0.0160402,-0.0157402,-0.0154307,-0.0151114,-0.0147821,-0.0144424,-0.0140919,-0.0137302,-0.0133571,-0.012972,-0.0125744,-0.012164,-0.0117402,-0.0113023,-0.0108499,-0.0103821,-0.0098984,-0.00939791,-0.00887981,-0.00834319,-0.00778705,-0.00721032,-0.00661181,-0.00599026,-0.00534429,-0.00467241,-0.00397302,-0.0032444,-0.00248473,-0.00169211,-0.000864552,9.09437e-27
0,-0.00091229,-0.00178743,-0.00262732,-0.0034338,-0.00420866,-0.0049536,-0.00567026,-0.00636016,-0.00702473,-0.00766532,-0.00828318,-0.00887945,-0.00945522,-0.0100115,-0.0105491,-0.011069,-0.011572,-0.0120588,-0.01253,-0.0129863,-0.0134283,-0.0138565,-0.0142714,-0.0146736,-0.0150634,-0.0154413,-0.0158077,-0.0161629,-0.0165073,-0.0168412,-0.0171649,-0.0174788,-0.017783,-0.0180778,-0.0183636,-0.0186404,-0.0189086,-0.0191683,-0.0194198,-0.0196631,-0.0198986,-0.0201264,-0.0203465,-0.0205593,-0.0207648,-0.0209631,-0.0211545,-0.0213389,-0.0215166,-0.0216877,-0.0218522,-0.0220102,-0.022162,-0.0223074,-0.0224468,-0.02258,-0.0227072,-0.0228285,-0.022944,-0.0230536,-0.0231576,-0.0232558,-0.0233485,-0.0234355,-0.0235171,-0.0235932,-0.0236639,-0.0237292,-0.0237891,-0.0238437,-0.0238931,-0.0239371,-0.023976,-0.0240096,-0.024038,-0.0240612,-0.0240793,-0.0240922,-0.0240999,-0.0241025,-0.0240999,-0.0240922,-0.0240793,-0.0240613,-0.0240381,-0.0240097,-0.0239761,-0.0239373,-0.0238933,-0.023844,-0.0237894,-0.0237295,-0.0236642,-0.0235935,-0.0235174,-0.0234359,-0.0233488,-0.0232562,-0.023158,-0.0230541,-0.0229444,-0.022829,-0.0227077,-0.0225805,-0.0224473,-0.022308,-0.0221625,-0.0220108,-0.0218527,-0.0216882,-0.0215172,-0.0213395,-0.0211551,-0.0209637,-0.0207654,-0.0205599,-0.0203472,-0.020127,-0.0198993,-0.0196638,-0.0194204,-0.019169,-0.0189093,-0.0186411,-0.0183642,-0.0180785,-0.0177836,-0.0174794,-0.0171656,-0.0168419,-0.0165079,-0.0161635,-0.0158083,-0.0154419,-0.015064,-0.0146742,-0.014272,-0.013857,-0.0134288,-0.0129868,-0.0125305,-0.0120593,-0.0115725,-0.0110695,-0.0105496,-0.0100119,-0.00945561,-0.00887982,-0.00828352,-0.00766564,-0.00702502,-0.00636042,-0.00567049,-0.0049538,-0.00420883,-0.00343394,-0.00262742,-0.0017875,-0.000912326,-1.21335e-26
0,-0.00095815,-0.00187902,-0.00276436,-0.0036159,-0.00443532,-0.00522422,-0.00598416,-0.00671658,-0.00742287,-0.00810432,-0.00876217,-0.00939753,-0.0100115,-0.010605,-0.011179,-0.0117343,-0.0122718,-0.0127922,-0.0132962,-0.0137843,-0.0142574,-0.0147158,-0.0151601,-0.0155908,-0.0160084,-0.0164134,-0.016806,-0.0171868,-0.017556,-0.017914,-0.0182612,-0.0185978,-0.0189241,-0.0192404,-0.0195469,-0.019844,-0.0201317,-0.0204104,-0.0206803,-0.0209415,-0.0211943,-0.0214387,-0.0216751,-0.0219035,-0.0221241,-0.022337,-0.0225425,-0.0227406,-0.0229314,-0.0231151,-0.0232917,-0.0234615,-0.0236244,-0.0237807,-0.0239303,-0.0240734,-0.02421,-0.0243403,-0.0244643,-0.0245821,-0.0246938,-0.0247993,-0.0248988,-0.0249924,-0.02508,-0.0251618,-0.0252377,-0.0253078,-0.0253722,-0.0254309,-0.0254839,-0.0255312,-0.0255729,-0.0256091,-0.0256396,-0.0256645,-0.0256839,-0.0256978,-0.0257061,-0.0257089,-0.0257061,-0.0256978,-0.025684,-0.0256646,-0.0256397,-0.0256092,-0.0255731,-0.0255314,-0.0254841,-0.0254311,-0.0253725,-0.0253081,-0.025238,-0.0251621,-0.0250804,-0.0249927,-0.0248992,-0.0247997,-0.0246942,-0.0245826,-0.0244648,-0.0243408,-0.0242105,-0.0240739,-0.0239308,-0.0237812,-0.023625,-0.0234621,-0.0232923,-0.0231157,-0.022932,-0.0227412,-0.0225431,-0.0223377,-0.0221248,-0.0219042,-0.0216758,-0.0214394,-0.021195,-0.0209422,-0.020681,-0.0204111,-0.0201324,-0.0198447,-0.0195476,-0.0192411,-0.0189248,-0.0185985,-0.0182619,-0.0179147,-0.0175567,-0.0171874,-0.0168067,-0.016414,-0.0160091,-0.0155915,-0.0151607,-0.0147164,-0.0142579,-0.0137849,-0.0132967,-0.0127927,-0.0122723,-0.0117348,-0.0111794,-0.0106054,-0.0100119,-0.00939792,-0.00876253,-0.00810466,-0.00742318,-0.00671686,-0.0059844,-0.00522444,-0.0044355,-0.00361605,-0.00276447,-0.00187909,-0.000958188,1.06101e-26
0,-0.00100223,-0.00196707,-0.00289614,-0.00379108,-0.00465345,-0.00548477,-0.00628652,-0.00706009,-0.0078068,-0.00852791,-0.0092246,-0.009898,-0.0105491,-0.011179,-0.0117885,-0.0123784,-0.0129497,-0.013503,-0.0140391,-0.0145586,-0.0150621,-0.0155501,-0.0160233,-0.0164822,-0.0169272,-0.0173587,-0.0177773,-0.0181832,-0.0185769,-0.0189587,-0.019329,-0.019688,-0.0200362,-0.0203737,-0.0207008,-0.0210178,-0.0213249,-0.0216224,-0.0219105,-0.0221894,-0.0224592,-0.0227202,-0.0229726,-0.0232165,-0.0234521,-0.0236795,-0.023899,-0.0241105,-0.0243143,-0.0245105,-0.0246992,-0.0248806,-0.0250546,-0.0252216,-0.0253814,-0.0255343,-0.0256803,-0.0258195,-0.025952,-0.0260778,-0.0261971,-0.0263099,-0.0264162,-0.0265162,-0.0266098,-0.0266972,-0.0267783,-0.0268533,-0.0269221,-0.0269848,-0.0270414,-0.027092,-0.0271366,-0.0271752,-0.0272078,-0.0272345,-0.0272552,-0.02727,-0.0272789,-0.0272819,-0.0272789,-0.0272701,-0.0272553,-0.0272346,-0.0272079,-0.0271754,-0.0271368,-0.0270922,-0.0270417,-0.0269851,-0.0269224,-0.0268536,-0.0267787,-0.0266976,-0.0266102,-0.0265166,-0.0264167,-0.0263103,-0.0261976,-0.0260783,-0.0259525,-0.02582,-0.0256808,-0.0255349,-0.025382,-0.0252222,-0.0250553,-0.0248812,-0.0246999,-0.0245112,-0.024315,-0.0241112,-0.0238997,-0.0236803,-0.0234528,-0.0232173,-0.0229734,-0.022721,-0.02246,-0.0221901,-0.0219113,-0.0216232,-0.0213257,-0.0210185,-0.0207015,-0.0203744,-0.0200369,-0.0196888,-0.0193297,-0.0189594,-0.0185776,-0.0181839,-0.017778,-0.0173594,-0.0169279,-0.0164829,-0.016024,-0.0155508,-0.0150627,-0.0145592,-0.0140397,-0.0135036,-0.0129503,-0.012379,-0.011789,-0.0111795,-0.0105496,-0.00989842,-0.009225,-0.00852827,-0.00780713,-0.00706039,-0.00628679,-0.005485,-0.00465364,-0.00379123,-0.00289626,-0.00196715,-0.00100228,3.33537e-26
0,-0.00104466,-0.00205182,-0.00302301,-0.00395977,-0.00486357,-0.00573586,-0.00657803,-0.00739142,-0.0081773,-0.00893688,-0.00967132,-0.0103817,-0.011069,-0.0117343,-0.0123784,-0.0130023,-0.0136066,-0.0141921,-0.0147596,-0.0153098,-0.0158432,-0.0163604,-0.016862,-0.0173485,-0.0178203,-0.0182781,-0.0187221,-0.0191528,-0.0195707,-0.019976,-0.020369,-0.0207503,-0.0211199,-0.0214784,-0.0218258,-0.0221625,-0.0224888,-0.0228049,-0.023111,-0.0234073,-0.0236941,-0.0239715,-0.0242397,-0.0244989,-0.0247494,-0.0249911,-0.0252244,-0.0254493,-0.025666,-0.0258746,-0.0260752,-0.026268,-0.0264531,-0.0266306,-0.0268006,-0.0269632,-0.0271184,-0.0272665,-0.0274074,-0.0275412,-0.0276681,-0.027788,-0.0279011,-0.0280075,-0.028107,-0.0282,-0.0282863,-0.028366,-0.0284392,-0.0285059,-0.0285661,-0.0286199,-0.0286674,-0.0287084,-0.0287431,-0.0287715,-0.0287935,-0.0288093,-0.0288187,-0.0288219,-0.0288188,-0.0288093,-0.0287936,-0.0287716,-0.0287432,-0.0287086,-0.0286676,-0.0286202,-0.0285664,-0.0285062,-0.0284395,-0.0283663,-0.0282866,-0.0282003,-0.0281074,-0.0280079,-0.0279016,-0.0277885,-0.0276686,-0.0275417,-0.0274079,-0.027267,-0.027119,-0.0269638,-0.0268012,-0.0266312,-0.0264538,-0.0262687,-0.0260759,-0.0258753,-0.0256667,-0.02545,-0.0252251,-0.0249919,-0.0247501,-0.0244997,-0.0242405,-0.0239723,-0.0236949,-0.0234081,-0.0231118,-0.0228057,-0.0224896,-0.0221633,-0.0218266,-0.0214792,-0.0211207,-0.0207511,-0.0203698,-0.0199767,-0.0195714,-0.0191536,-0.0187229,-0.0182788,-0.0178211,-0.0173492,-0.0168627,-0.016361,-0.0158438,-0.0153104,-0.0147603,-0.0141927,-0.0136072,-0.0130028,-0.012379,-0.0117348,-0.0110695,-0.0103821,-0.00967174,-0.00893727,-0.00817765,-0.00739174,-0.00657831,-0.00573611,-0.00486378,-0.00395994,-0.00302314,-0.0020519,-0.00104471,1.21258e-26
0,-0.00108554,-0.00213348,-0.00314527,-0.00412237,-0.00506616,-0.00597802,-0.00685928,-0.00771122,-0.00853506,-0.00933197,-0.0101031,-0.0108494,-0.011572,-0.0122718,-0.0129497,-0.0136066,-0.0142432,-0.0148603,-0.0154586,-0.0160388,-0.0166014,-0.0171472,-0.0176767,-0.0181903,-0.0186887,-0.0191722,-0.0196413,-0.0200965,-0.020538,-0.0209664,-0.021382,-0.0217851,-0.022176,-0.0225551,-0.0229226,-0.0232788,-0.023624,-0.0239584,-0.0242823,-0.0245958,-0.0248993,-0.0251929,-0.0254768,-0.0257512,-0.0260163,-0.0262723,-0.0265192,-0.0267573,-0.0269867,-0.0272076,-0.0274201,-0.0276243,-0.0278203,-0.0280082,-0.0281882,-0.0283604,-0.0285249,-0.0286817,-0.0288309,-0.0289727,-0.029107,-0.0292341,-0.0293539,-0.0294665,-0.029572,-0.0296705,-0.0297619,-0.0298463,-0.0299239,-0.0299945,-0.0300583,-0.0301154,-0.0301656,-0.0302091,-0.0302458,-0.0302759,-0.0302993,-0.0303159,-0.0303259,-0.0303293,-0.030326,-0.030316,-0.0302993,-0.030276,-0.030246,-0.0302093,-0.0301658,-0.0301156,-0.0300586,-0.0299948,-0.0299242,-0.0298467,-0.0297622,-0.0296709,-0.0295725,-0.029467,-0.0293544,-0.0292346,-0.0291076,-0.0289732,-0.0288315,-0.0286823,-0.0285255,-0.0283611,-0.0281889,-0.0280089,-0.027821,-0.027625,-0.0274208,-0.0272084,-0.0269875,-0.0267581,-0.02652,-0.0262731,-0.0260171,-0.0257521,-0.0254777,-0.0251938,-0.0249002,-0.0245967,-0.0242831,-0.0239592,-0.0236248,-0.0232796,-0.0229234,-0.0225559,-0.0221769,-0.0217859,-0.0213828,-0.0209673,-0.0205389,-0.0200973,-0.0196421,-0.019173,-0.0186894,-0.0181911,-0.0176774,-0.017148,-0.0166021,-0.0160394,-0.0154592,-0.0148609,-0.0142438,-0.0136072,-0.0129503,-0.0122724,-0.0115725,-0.0108499,-0.0101035,-0.00933238,-0.00853543,-0.00771156,-0.00685958,-0.00597828,-0.00506638,-0.00412254,-0.00314541,-0.00213357,-0.00108558,-9.10203e-27
0,-0.00112495,-0.00221222,-0.00326319,-0.00427922,-0.00526164,-0.00621175,-0.00713083,-0.00802009,-0.00888072,-0.00971384,-0.0105205,-0.0113019,-0.0120588,-0.0127922,-0.013503,-0.0141921,-0.0148603,-0.0155082,-0.0161366,-0.0167462,-0.0173376,-0.0179114,-0.0184682,-0.0190085,-0.0195329,-0.0200417,-0.0205355,-0.0210147,-0.0214796,-0.0219308,-0.0223685,-0.0227931,-0.023205,-0.0236044,-0.0239917,-0.0243671,-0.024731,-0.0250835,-0.0254249,-0.0257556,-0.0260755,-0.0263851,-0.0266845,-0.026974,-0.0272535,-0.0275235,-0.027784,-0.0280351,-0.0282772,-0.0285102,-0.0287343,-0.0289498,-0.0291566,-0.0293549,-0.0295448,-0.0297265,-0.0299001,-0.0300655,-0.030223,-0.0303726,-0.0305144,-0.0306485,-0.030775,-0.0308938,-0.0310052,-0.0311091,-0.0312056,-0.0312947,-0.0313765,-0.0314511,-0.0315185,-0.0315787,-0.0316317,-0.0316776,-0.0317164,-0.0317481,-0.0317728,-0.0317904,-0.0318009,-0.0318045,-0.031801,-0.0317904,-0.0317729,-0.0317482,-0.0317165,-0.0316778,-0.0316319,-0.0315789,-0.0315188,-0.0314514,-0.0313769,-0.0312951,-0.031206,-0.0311095,-0.0310056,-0.0308943,-0.0307755,-0.0306491,-0.030515,-0.0303732,-0.0302236,-0.0300662,-0.0299007,-0.0297272,-0.0295455,-0.0293556,-0.0291573,-0.0289505,-0.0287351,-0.028511,-0.028278,-0.028036,-0.0277848,-0.0275243,-0.0272544,-0.0269748,-0.0266854,-0.026386,-0.0260764,-0.0257564,-0.0254258,-0.0250844,-0.0247319,-0.024368,-0.0239926,-0.0236053,-0.0232059,-0.022794,-0.0223694,-0.0219317,-0.0214805,-0.0210155,-0.0205363,-0.0200425,-0.0195337,-0.0190093,-0.018469,-0.0179122,-0.0173384,-0.0167469,-0.0161373,-0.0155089,-0.0148609,-0.0141928,-0.0135036,-0.0127928,-0.0120593,-0.0113024,-0.010521,-0.00971427,-0.00888111,-0.00802044,-0.00713114,-0.00621202,-0.00526187,-0.0042794,-0.00326333,-0.00221232,-0.001125,1.36416e-26
0,-0.00116298,-0.00228821,-0.003377,-0.00443063,-0.00545037,-0.00643747,-0.00739315,-0.00831856,-0.00921485,-0.0100831,-0.0109244,-0.0117397,-0.01253,-0.0132962,-0.0140391,-0.0147596,-0.0154586,-0.0161366,-0.0167945,-0.0174329,-0.0180524,-0.0186537,-0.0192373,-0.0198038,-0.0203536,-0.0208873,-0.0214053,-0.0219081,-0.0223961,-0.0228696,-0.0233291,-0.023775,-0.0242075,-0.024627,-0.0250337,-0.0254281,-0.0258104,-0.0261807,-0.0265395,-0.0268869,-0.0272232,-0.0275486,-0.0278633,-0.0281676,-0.0284615,-0.0287453,-0.0290191,-0.0292832,-0.0295377,-0.0297827,-0.0300184,-0.030245,-0.0304625,-0.030671,-0.0308708,-0.0310619,-0.0312444,-0.0314185,-0.0315841,-0.0317415,-0.0318907,-0.0320317,-0.0321647,-0.0322898,-0.0324069,-0.0325162,-0.0326177,-0.0327115,-0.0327976,-0.0328761,-0.0329469,-0.0330102,-0.033066,-0.0331143,-0.0331551,-0.0331885,-0.0332145,-0.033233,-0.0332441,-0.0332478,-0.0332442,-0.0332331,-0.0332146,-0.0331887,-0.0331553,-0.0331145,-0.0330663,-0.0330105,-0.0329472,-0.0328764,-0.0327979,-0.0327119,-0.0326181,-0.0325167,-0.0324074,-0.0322903,-0.0321653,-0.0320323,-0.0318913,-0.0317421,-0.0315848,-0.0314191,-0.0312451,-0.0310626,-0.0308715,-0.0306718,-0.0304632,-0.0302458,-0.0300192,-0.0297836,-0.0295385,-0.0292841,-0.02902,-0.0287462,-0.0284624,-0.0281685,-0.0278643,-0.0275496,-0.0272242,-0.0268879,-0.0265405,-0.0261817,-0.0258113,-0.0254291,-0.0250347,-0.0246279,-0.0242084,-0.0237759,-0.0233301,-0.0228705,-0.022397,-0.021909,-0.0214062,-0.0208882,-0.0203545,-0.0198046,-0.0192381,-0.0186545,-0.0180532,-0.0174337,-0.0167952,-0.0161373,-0.0154593,-0.0147603,-0.0140397,-0.0132968,-0.0125305,-0.0117402,-0.0109249,-0.0100836,-0.00921526,-0.00831893,-0.00739348,-0.00643776,-0.00545062,-0.00443082,-0.00337715,-0.00228831,-0.00116303,3.63851e-26
0,-0.0011997,-0.00236159,-0.00348691,-0.00457688,-0.00563271,-0.00665559,-0.00764669,-0.00860712,-0.00953799,-0.0104403,-0.0113152,-0.0121635,-0.0129863,-0.0137843,-0.0145586,-0.0153098,-0.0160388,-0.0167462,-0.0174329,-0.0180994,-0.0187465,-0.0193747,-0.0199845,-0.0205766,-0.0211515,-0.0217096,-0.0222514,-0.0227774,-0.023288,-0.0237836,-0.0242645,-0.0247312,-0.025184,-0.0256233,-0.0260492,-0.0264623,-0.0268627,-0.0272507,-0.0276265,-0.0279905,-0.0283429,-0.0286839,-0.0290137,-0.0293325,-0.0296406,-0.0299381,-0.0302251,-0.030502,-0.0307688,-0.0310257,-0.0312728,-0.0315103,-0.0317384,-0.0319571,-0.0321666,-0.032367,-0.0325584,-0.0327409,-0.0329146,-0.0330797,-0.0332361,-0.0333841,-0.0335236,-0.0336548,-0.0337776,-0.0338923,-0.0339987,-0.0340971,-0.0341874,-0.0342697,-0.0343441,-0.0344105,-0.034469,-0.0345197,-0.0345625,-0.0345975,-0.0346247,-0.0346442,-0.0346558,-0.0346597,-0.0346559,-0.0346442,-0.0346248,-0.0345976,-0.0345627,-0.0345199,-0.0344692,-0.0344108,-0.0343444,-0.0342701,-0.0341878,-0.0340975,-0.0339992,-0.0338927,-0.0337781,-0.0336553,-0.0335242,-0.0333847,-0.0332368,-0.0330803,-0.0329153,-0.0327416,-0.0325591,-0.0323677,-0.0321674,-0.0319579,-0.0317392,-0.0315112,-0.0312737,-0.0310265,-0.0307697,-0.0305029,-0.0302261,-0.029939,-0.0296415,-0.0293335,-0.0290147,-0.0286849,-0.0283439,-0.0279915,-0.0276275,-0.0272517,-0.0268637,-0.0264633,-0.0260502,-0.0256242,-0.025185,-0.0247322,-0.0242655,-0.0237845,-0.0232889,-0.0227783,-0.0222523,-0.0217105,-0.0211524,-0.0205775,-0.0199854,-0.0193755,-0.0187473,-0.0181002,-0.0174337,-0.016747,-0.0160395,-0.0153105,-0.0145592,-0.013785,-0.0129869,-0.0121641,-0.0113157,-0.0104408,-0.00953842,-0.00860751,-0.00764704,-0.0066559,-0.00563297,-0.00457708,-0.00348707,-0.0023617,-0.00119976,1.51573e-26
0,-0.00123518,-0.0024325,-0.00359312,-0.00471822,-0.00580895,-0.00686646,-0.00789186,-0.00888623,-0.00985061,-0.010786,-0.0116935,-0.0125739,-0.0134283,-0.0142574,-0.0150621,-0.0158432,-0.0166014,-0.0173376,-0.0180524,-0.0187465,-0.0194205,-0.020075,-0.0207106,-0.0213278,-0.0219272,-0.0225092,-0.0230744,-0.0236232,-0.0241559,-0.0246732,-0.0251752,-0.0256624,-0.0261352,-0.0265939,-0.0270388,-0.0274702,-0.0278884,-0.0282938,-0.0286865,-0.0290669,-0.0294351,-0.0297915,-0.0301361,-0.0304694,-0.0307914,-0.0311024,-0.0314025,-0.0316919,-0.0319709,-0.0322395,-0.0324979,-0.0327463,-0.0329848,-0.0332135,-0.0334326,-0.0336422,-0.0338423,-0.0340333,-0.034215,-0.0343876,-0.0345513,-0.034706,-0.034852,-0.0349892,-0.0351177,-0.0352376,-0.035349,-0.0354519,-0.0355464,-0.0356325,-0.0357103,-0.0357798,-0.035841,-0.035894,-0.0359388,-0.0359754,-0.0360039,-0.0360242,-0.0360364,-0.0360405,-0.0360365,-0.0360243,-0.036004,-0.0359756,-0.035939,-0.0358942,-0.0358412,-0.0357801,-0.0357106,-0.0356329,-0.0355468,-0.0354523,-0.0353495,-0.0352381,-0.0351182,-0.0349897,-0.0348525,-0.0347066,-0.0345519,-0.0343883,-0.0342157,-0.034034,-0.0338431,-0.0336429,-0.0334334,-0.0332143,-0.0329856,-0.0327472,-0.0324988,-0.0322404,-0.0319718,-0.0316929,-0.0314035,-0.0311034,-0.0307924,-0.0304704,-0.0301372,-0.0297925,-0.0294361,-0.0290679,-0.0286875,-0.0282948,-0.0278895,-0.0274712,-0.0270398,-0.0265949,-0.0261362,-0.0256634,-0.0251762,-0.0246742,-0.0241569,-0.0236241,-0.0230754,-0.0225102,-0.0219281,-0.0213287,-0.0207115,-0.0200759,-0.0194213,-0.0187473,-0.0180532,-0.0173384,-0.0166022,-0.0158439,-0.0150627,-0.014258,-0.0134289,-0.0125745,-0.011694,-0.0107865,-0.00985107,-0.00888664,-0.00789223,-0.00686678,-0.00580922,-0.00471843,-0.00359328,-0.00243261,-0.00123524,-6.07057e-27
