0,0,0,0,0,0,0,0,0,0,0,0,0,0,0,0,0,0,0,0,0,0,0,0,0,0,0,0,0,0,0,0,0,0,0,0,0,0,0,0,0,0,0,0,0,0,0,0,0,0,0,0,0,0,0,0,0,0,0,0,0,0,0,0,0,0,0,0,0,0,0,0,0,0,0,0,0,0,0,0,0,0,0,0,0,0,0,0,0,0,0,0,0,0,0,0,0,0,0,0,0,0,0,0,0,0,0,0,0,0,0,0,0,0,0,0,0,0,0,0,0,0,0,0,0,0,0,0,0,0,0,0,0,0,0,0,0,0,0,0,0,0,0,0,0,0,0,0,0,0,0,0,0,0,0,0,0,0,0,0,0
0,-0.000104187,-0.00018885,-0.000261714,-0.000326417,-0.000384954,-0.000438556,-0.000488053,-0.000534042,-0.000576971,-0.000617193,-0.000654989,-0.000690592,-0.000724194,-0.000755963,-0.000786039,-0.000814548,-0.000841597,-0.000867285,-0.000891698,-0.000914914,-0.000937003,-0.000958031,-0.000978055,-0.000997131,-0.00101531,-0.00103263,-0.00104915,-0.00106489,-0.0010799,-0.00109422,-0.00110787,-0.00112088,-0.00113329,-0.00114513,-0.00115641,-0.00116717,-0.00117742,-0.00118719,-0.0011965,-0.00120536,-0.00121381,-0.00122185,-0.0012295,-0.00123678,-0.00124371,-0.0012503,-0.00125656,-0.0012625,-0.00126814,-0.0012735,-0.00127858,-0.00128339,-0.00128795,-0.00129226,-0.00129633,-0.00130018,-0.00130381,-0.00130723,-0.00131044,-0.00131346,-0.00131629,-0.00131894,-0.00132141,-0.00132371,-0.00132585,-0.00132782,-0.00132964,-0.00133131,-0.00133283,-0.00133421,-0.00133544,-0.00133654,-0.0013375,-0.00133833,-0.00133903,-0.0013396,-0.00134004,-0.00134035,-0.00134054,-0.00134061,-0.00134054,-0.00134035,-0.00134004,-0.0013396,-0.00133903,-0.00133833,-0.0013375,-0.00133654,-0.00133544,-0.00133421,-0.00133283,-0.00133131,-0.00132964,-0.00132782,-0.00132585,-0.00132371,-0.00132141,-0.00131894,-0.00131629,-0.00131346,-0.00131044,-0.00130723,-0.00130381,-0.00130018,-0.00129633,-0.00129226,-0.00128795,-0.00128339,-0.00127858,-0.0012735,-0.00126814,-0.0012625,-0.00125656,-0.0012503,-0.00124371,-0.00123678,-0.0012295,-0.00122185,-0.00121381,-0.00120536,-0.0011965,-0.00118719,-0.00117742,-0.00116717,-0.00115641,-0.00114513,-0.00113329,-0.00112088,-0.00110787,-0.00109422,-0.0010799,-0.00106489,-0.00104915,-0.00103263,-0.00101531,-0.000997131,-0.000978055,-0.000958031,-0.000937003,-0.000914914,-0.000891698,-0.000867285,-0.000841597,-0.000814548,-0.000786039,-0.000755963,-0.000724194,-0.000690592,-0.000654989,-0.000617193,-0.000576971,-0.000534042,-0.000488053,-0.000438556,-0.000384954,-0.000326417,-0.000261714,-0.00018885,-0.000104187,0
0,-0.00018885,-0.00035046,-0.000492563,-0.000619988,-0.000735843,-0.000842229,-0.000940638,-0.00103218,-0.0011177,-0.00119787,-0.00127324,-0.00134427,-0.00141132,-0.00147473,-0.00153477,-0.00159168,-0.0016457,-0.001697,-0.00174576,-0.00179213,-0.00183626,-0.00187826,-0.00191827,-0.00195638,-0.0019927,-0.00202731,-0.00206031,-0.00209177,-0.00212177,-0.00215038,-0.00217766,-0.00220367,-0.00222847,-0.00225213,-0.00227467,-0.00229617,-0.00231666,-0.00233619,-0.00235479,-0.00237252,-0.0023894,-0.00240547,-0.00242077,-0.00243532,-0.00244917,-0.00246233,-0.00247484,-0.00248673,-0.00249801,-0.00250872,-0.00251887,-0.00252849,-0.0025376,-0.00254621,-0.00255436,-0.00256205,-0.0025693,-0.00257614,-0.00258256,-0.0025886,-0.00259426,-0.00259955,-0.00260449,-0.00260909,-0.00261336,-0.00261731,-0.00262095,-0.00262428,-0.00262732,-0.00263007,-0.00263254,-0.00263474,-0.00263666,-0.00263832,-0.00263972,-0.00264085,-0.00264174,-0.00264237,-0.00264274,-0.00264287,-0.00264274,-0.00264237,-0.00264174,-0.00264085,-0.00263972,-0.00263832,-0.00263666,-0.00263474,-0.00263254,-0.00263007,-0.00262732,-0.00262428,-0.00262095,-0.00261731,-0.00261336,-0.00260909,-0.00260449,-0.00259955,-0.00259426,-0.0025886,-0.00258256,-0.00257614,-0.0025693,-0.00256205,-0.00255436,-0.00254621,-0.0025376,-0.00252849,-0.00251887,-0.00250872,-0.00249801,-0.00248673,-0.00247484,-0.00246233,-0.00244917,-0.00243532,-0.00242077,-0.00240547,-0.0023894,-0.00237252,-0.00235479,-0.00233619,-0.00231666,-0.00229617,-0.00227467,-0.00225213,-0.00222847,-0.00220367,-0.00217766,-0.00215038,-0.00212177,-0.00209177,-0.00206031,-0.00202731,-0.0019927,-0.00195638,-0.00191827,-0.00187826,-0.00183626,-0.00179213,-0.00174576,-0.001697,-0.0016457,-0.00159168,-0.00153477,-0.00147473,-0.00141132,-0.00134427,-0.00127324,-0.00119787,-0.0011177,-0.00103218,-0.000940638,-0.000842229,-0.000735843,-0.000619988,-0.000492563,-0.00035046,-0.00018885,0
0,-0.000261714,-0.000492563,-0.000699102,-0.000886166,-0.00105726,-0.00121496,-0.0013612,-0.00149747,-0.00162493,-0.00174453,-0.00185706,-0.00196314,-0.00206334,-0.00215813,-0.00224791,-0.00233305,-0.00241386,-0.00249062,-0.0025636,-0.00263301,-0.00269906,-0.00276195,-0.00282185,-0.00287892,-0.00293331,-0.00298515,-0.00303458,-0.0030817,-0.00312664,-0.00316949,-0.00321036,-0.00324933,-0.00328649,-0.00332192,-0.00335571,-0.00338792,-0.00341862,-0.00344788,-0.00347576,-0.00350232,-0.00352761,-0.0035517,-0.00357462,-0.00359644,-0.00361719,-0.00363691,-0.00365566,-0.00367347,-0.00369038,-0.00370643,-0.00372164,-0.00373606,-0.00374971,-0.00376263,-0.00377484,-0.00378636,-0.00379724,-0.00380748,-0.00381711,-0.00382616,-0.00383464,-0.00384258,-0.00384998,-0.00385688,-0.00386328,-0.0038692,-0.00387465,-0.00387965,-0.0038842,-0.00388832,-0.00389203,-0.00389532,-0.0038982,-0.00390068,-0.00390278,-0.00390448,-0.00390581,-0.00390675,-0.00390731,-0.0039075,-0.00390731,-0.00390675,-0.00390581,-0.00390448,-0.00390278,-0.00390068,-0.0038982,-0.00389532,-0.00389203,-0.00388832,-0.0038842,-0.00387965,-0.00387465,-0.0038692,-0.00386328,-0.00385688,-0.00384998,-0.00384258,-0.00383464,-0.00382616,-0.00381711,-0.00380748,-0.00379724,-0.00378636,-0.00377484,-0.00376263,-0.00374971,-0.00373606,-0.00372164,-0.00370643,-0.00369038,-0.00367347,-0.00365566,-0.00363691,-0.00361719,-0.00359644,-0.00357462,-0.0035517,-0.00352761,-0.00350232,-0.00347576,-0.00344788,-0.00341862,-0.00338792,-0.00335571,-0.00332192,-0.00328649,-0.00324933,-0.00321036,-0.00316949,-0.00312664,-0.0030817,-0.00303458,-0.00298515,-0.00293331,-0.00287892,-0.00282185,-0.00276195,-0.00269906,-0.00263301,-0.0025636,-0.00249062,-0.00241386,-0.00233305,-0.00224791,-0.00215813,-0.00206334,-0.00196314,-0.00185706,-0.00174453,-0.00162493,-0.00149747,-0.0013612,-0.00121496,-0.00105726,-0.000886166,-0.000699102,-0.000492563,-0.000261714,0
0,-0.000326417,-0.000619988,-0.000886166,-0.0011294,-0.0013532,-0.00156032,-0.00175294,-0.00193279,-0.00210129,-0.00225958,-0.00240864,-0.00254928,-0.00268219,-0.00280799,-0.00292719,-0.00304026,-0.00314762,-0.00324963,-0.00334662,-0.00343889,-0.00352672,-0.00361035,-0.00369002,-0.00376594,-0.00383829,-0.00390726,-0.00397302,-0.00403573,-0.00409553,-0.00415256,-0.00420695,-0.00425882,-0.00430828,-0.00435545,-0.00440042,-0.0044433,-0.00448418,-0.00452313,-0.00456025,-0.00459561,-0.00462929,-0.00466136,-0.00469189,-0.00472094,-0.00474857,-0.00477484,-0.00479981,-0.00482352,-0.00484604,-0.00486741,-0.00488767,-0.00490688,-0.00492506,-0.00494226,-0.00495852,-0.00497387,-0.00498835,-0.00500199,-0.00501483,-0.00502688,-0.00503817,-0.00504874,-0.00505861,-0.00506779,-0.00507631,-0.0050842,-0.00509146,-0.00509812,-0.00510419,-0.00510968,-0.00511461,-0.00511899,-0.00512283,-0.00512614,-0.00512893,-0.0051312,-0.00513297,-0.00513422,-0.00513497,-0.00513522,-0.00513497,-0.00513422,-0.00513297,-0.0051312,-0.00512893,-0.00512614,-0.00512283,-0.00511899,-0.00511461,-0.00510968,-0.00510419,-0.00509812,-0.00509146,-0.0050842,-0.00507631,-0.00506779,-0.00505861,-0.00504874,-0.00503817,-0.00502688,-0.00501483,-0.00500199,-0.00498835,-0.00497387,-0.00495852,-0.00494226,-0.00492506,-0.00490688,-0.00488767,-0.00486741,-0.00484604,-0.00482352,-0.00479981,-0.00477484,-0.00474857,-0.00472094,-0.00469189,-0.00466136,-0.00462929,-0.00459561,-0.00456025,-0.00452313,-0.00448418,-0.0044433,-0.00440042,-0.00435545,-0.00430828,-0.00425882,-0.00420695,-0.00415256,-0.00409553,-0.00403573,-0.00397302,-0.00390726,-0.00383829,-0.00376594,-0.00369002,-0.00361035,-0.00352672,-0.00343889,-0.00334662,-0.00324963,-0.00314762,-0.00304026,-0.00292719,-0.00280799,-0.00268219,-0.00254928,-0.00240864,-0.00225958,-0.00210129,-0.00193279,-0.00175294,-0.00156032,-0.0013532,-0.0011294,-0.000886166,-0.000619988,-0.000326417,0
0,-0.000384954,-0.000735843,-0.00105726,-0.0013532,-0.00162699,-0.00188141,-0.00211872,-0.0023408,-0.00254923,-0.0027453,-0.00293012,-0.00310466,-0.00326973,-0.00342605,-0.00357426,-0.0037149,-0.00384848,-0.00397545,-0.0040962,-0.00421111,-0.00432051,-0.0044247,-0.00452397,-0.00461857,-0.00470875,-0.00479473,-0.00487671,-0.00495489,-0.00502945,-0.00510057,-0.0051684,-0.00523309,-0.00529479,-0.00535363,-0.00540973,-0.00546322,-0.00551421,-0.00556281,-0.00560913,-0.00565325,-0.00569528,-0.00573529,-0.00577339,-0.00580964,-0.00584412,-0.0058769,-0.00590806,-0.00593767,-0.00596577,-0.00599244,-0.00601773,-0.0060417,-0.00606439,-0.00608586,-0.00610616,-0.00612533,-0.0061434,-0.00616043,-0.00617645,-0.00619149,-0.00620559,-0.00621878,-0.0062311,-0.00624257,-0.00625321,-0.00626305,-0.00627212,-0.00628043,-0.006288,-0.00629486,-0.00630102,-0.00630649,-0.00631128,-0.00631541,-0.0063189,-0.00632173,-0.00632393,-0.0063255,-0.00632644,-0.00632675,-0.00632644,-0.0063255,-0.00632393,-0.00632173,-0.0063189,-0.00631541,-0.00631128,-0.00630649,-0.00630102,-0.00629486,-0.006288,-0.00628043,-0.00627212,-0.00626305,-0.00625321,-0.00624257,-0.0062311,-0.00621878,-0.00620559,-0.00619149,-0.00617645,-0.00616043,-0.0061434,-0.00612533,-0.00610616,-0.00608586,-0.00606439,-0.0060417,-0.00601773,-0.00599244,-0.00596577,-0.00593767,-0.00590806,-0.0058769,-0.00584412,-0.00580964,-0.00577339,-0.00573529,-0.00569528,-0.00565325,-0.00560913,-0.00556281,-0.00551421,-0.00546322,-0.00540973,-0.00535363,-0.00529479,-0.00523309,-0.0051684,-0.00510057,-0.00502945,-0.00495489,-0.00487671,-0.00479473,-0.00470875,-0.00461857,-0.00452397,-0.0044247,-0.00432051,-0.00421111,-0.0040962,-0.00397545,-0.00384848,-0.0037149,-0.00357426,-0.00342605,-0.00326973,-0.00310466,-0.00293012,-0.0027453,-0.00254923,-0.0023408,-0.00211872,-0.00188141,-0.00162699,-0.0013532,-0.00105726,-0.000735843,-0.000384954,0
0,-0.000438556,-0.000842229,-0.00121496,-0.00156032,-0.00188141,-0.0021809,-0.00246109,-0.00272391,-0.00297101,-0.0032038,-0.0034235,-0.00363118,-0.00382775,-0.00401403,-0.00419073,-0.0043585,-0.00451792,-0.00466949,-0.0048137,-0.00495097,-0.00508168,-0.00520621,-0.00532487,-0.00543798,-0.00554581,-0.00564863,-0.00574669,-0.00584022,-0.00592943,-0.00601452,-0.00609569,-0.00617311,-0.00624695,-0.00631737,-0.00638453,-0.00644856,-0.00650961,-0.0065678,-0.00662325,-0.00667608,-0.0067264,-0.00677432,-0.00681994,-0.00686335,-0.00690464,-0.00694391,-0.00698123,-0.00701668,-0.00705035,-0.00708229,-0.00711258,-0.00714129,-0.00716848,-0.0071942,-0.00721851,-0.00724147,-0.00726313,-0.00728352,-0.00730271,-0.00732073,-0.00733763,-0.00735344,-0.00736819,-0.00738193,-0.00739468,-0.00740647,-0.00741733,-0.00742729,-0.00743637,-0.00744458,-0.00745196,-0.00745851,-0.00746426,-0.00746921,-0.00747338,-0.00747678,-0.00747942,-0.00748129,-0.00748242,-0.00748279,-0.00748242,-0.00748129,-0.00747942,-0.00747678,-0.00747338,-0.00746921,-0.00746426,-0.00745851,-0.00745196,-0.00744458,-0.00743637,-0.00742729,-0.00741733,-0.00740647,-0.00739468,-0.00738193,-0.00736819,-0.00735344,-0.00733763,-0.00732073,-0.00730271,-0.00728352,-0.00726313,-0.00724147,-0.00721851,-0.0071942,-0.00716848,-0.00714129,-0.00711258,-0.00708229,-0.00705035,-0.00701668,-0.00698123,-0.00694391,-0.00690464,-0.00686335,-0.00681994,-0.00677432,-0.0067264,-0.00667608,-0.00662325,-0.0065678,-0.00650961,-0.00644856,-0.00638453,-0.00631737,-0.00624695,-0.00617311,-0.00609569,-0.00601452,-0.00592943,-0.00584022,-0.00574669,-0.00564863,-0.00554581,-0.00543798,-0.00532487,-0.00520621,-0.00508168,-0.00495097,-0.0048137,-0.00466949,-0.00451792,-0.0043585,-0.00419073,-0.00401403,-0.00382775,-0.00363118,-0.0034235,-0.0032038,-0.00297101,-0.00272391,-0.00246109,-0.0021809,-0.00188141,-0.00156032,-0.00121496,-0.000842229,-0.000438556,0
0,-0.000488053,-0.000940638,-0.0013612,-0.00175294,-0.00211872,-0.00246109,-0.00278229,-0.00308426,-0.00336869,-0.00363706,-0.00389065,-0.00413061,-0.00435794,-0.00457352,-0.00477816,-0.00497255,-0.00515735,-0.00533314,-0.00550044,-0.00565974,-0.00581148,-0.00595607,-0.00609389,-0.00622528,-0.00635057,-0.00647005,-0.00658402,-0.00669274,-0.00679645,-0.00689539,-0.00698977,-0.00707981,-0.00716569,-0.0072476,-0.00732572,-0.00740022,-0.00747124,-0.00753894,-0.00760346,-0.00766493,-0.0077235,-0.00777926,-0.00783235,-0.00788287,-0.00793094,-0.00797664,-0.00802008,-0.00806135,-0.00810054,-0.00813773,-0.008173,-0.00820642,-0.00823807,-0.00826801,-0.00829632,-0.00832305,-0.00834827,-0.00837202,-0.00839436,-0.00841535,-0.00843502,-0.00845343,-0.00847061,-0.0084866,-0.00850145,-0.00851518,-0.00852783,-0.00853943,-0.00855,-0.00855957,-0.00856816,-0.00857579,-0.00858248,-0.00858825,-0.00859311,-0.00859706,-0.00860013,-0.00860232,-0.00860363,-0.00860407,-0.00860363,-0.00860232,-0.00860013,-0.00859706,-0.00859311,-0.00858825,-0.00858248,-0.00857579,-0.00856816,-0.00855957,-0.00855,-0.00853943,-0.00852783,-0.00851518,-0.00850145,-0.0084866,-0.00847061,-0.00845343,-0.00843502,-0.00841535,-0.00839436,-0.00837202,-0.00834827,-0.00832305,-0.00829632,-0.00826801,-0.00823807,-0.00820642,-0.008173,-0.00813773,-0.00810054,-0.00806135,-0.00802008,-0.00797664,-0.00793094,-0.00788287,-0.00783235,-0.00777926,-0.0077235,-0.00766493,-0.00760346,-0.00753894,-0.00747124,-0.00740022,-0.00732572,-0.0072476,-0.00716569,-0.00707981,-0.00698977,-0.00689539,-0.00679645,-0.00669274,-0.00658402,-0.00647005,-0.00635057,-0.00622528,-0.00609389,-0.00595607,-0.00581148,-0.00565974,-0.00550044,-0.00533314,-0.00515735,-0.00497255,-0.00477816,-0.00457352,-0.00435794,-0.00413061,-0.00389065,-0.00363706,-0.00336869,-0.00308426,-0.00278229,-0.00246109,-0.00211872,-0.00175294,-0.0013612,-0.000940638,-0.000488053,0
0,-0.000534042,-0.00103218,-0.00149747,-0.00193279,-0.0023408,-0.00272391,-0.00308426,-0.00342377,-0.00374414,-0.00404687,-0.00433331,-0.00460464,-0.00486192,-0.00510609,-0.00533803,-0.00555849,-0.00576817,-0.00596772,-0.00615771,-0.00633868,-0.00651111,-0.00667547,-0.00683216,-0.00698159,-0.0071241,-0.00726004,-0.00738973,-0.00751346,-0.00763151,-0.00774414,-0.0078516,-0.00795412,-0.00805192,-0.00814522,-0.0082342,-0.00831905,-0.00839996,-0.00847709,-0.0085506,-0.00862065,-0.00868738,-0.00875094,-0.00881144,-0.00886902,-0.0089238,-0.0089759,-0.00902541,-0.00907246,-0.00911713,-0.00915952,-0.00919973,-0.00923783,-0.00927392,-0.00930806,-0.00934034,-0.00937082,-0.00939957,-0.00942665,-0.00945213,-0.00947606,-0.00949849,-0.00951948,-0.00953907,-0.00955731,-0.00957425,-0.00958991,-0.00960433,-0.00961756,-0.00962961,-0.00964053,-0.00965032,-0.00965903,-0.00966666,-0.00967324,-0.00967878,-0.00968329,-0.00968679,-0.00968929,-0.00969078,-0.00969128,-0.00969078,-0.00968929,-0.00968679,-0.00968329,-0.00967878,-0.00967324,-0.00966666,-0.00965903,-0.00965032,-0.00964053,-0.00962961,-0.00961756,-0.00960433,-0.00958991,-0.00957425,-0.00955731,-0.00953907,-0.00951948,-0.00949849,-0.00947606,-0.00945213,-0.00942665,-0.00939957,-0.00937082,-0.00934034,-0.00930806,-0.00927392,-0.00923783,-0.00919973,-0.00915952,-0.00911713,-0.00907246,-0.00902541,-0.0089759,-0.0089238,-0.00886902,-0.00881144,-0.00875094,-0.00868738,-0.00862065,-0.0085506,-0.00847709,-0.00839996,-0.00831905,-0.0082342,-0.00814522,-0.00805192,-0.00795412,-0.0078516,-0.00774414,-0.00763151,-0.00751346,-0.00738973,-0.00726004,-0.0071241,-0.00698159,-0.00683216,-0.00667547,-0.00651111,-0.00633868,-0.00615771,-0.00596772,-0.00576817,-0.00555849,-0.00533803,-0.00510609,-0.00486192,-0.00460464,-0.00433331,-0.00404687,-0.00374414,-0.00342377,-0.00308426,-0.00272391,-0.0023408,-0.00193279,-0.00149747,-0.00103218,-0.000534042,0
0,-0.000576971,-0.0011177,-0.00162493,-0.00210129,-0.00254923,-0.00297101,-0.00336869,-0.00374414,-0.00409904,-0.0044349,-0.00475309,-0.00505482,-0.00534119,-0.0056132,-0.00587175,-0.00611767,-0.00635169,-0.00657451,-0.00678674,-0.00698898,-0.00718174,-0.00736553,-0.0075408,-0.00770798,-0.00786747,-0.00801963,-0.00816482,-0.00830337,-0.00843557,-0.00856173,-0.00868211,-0.00879697,-0.00890656,-0.00901111,-0.00911083,-0.00920594,-0.00929664,-0.0093831,-0.00946552,-0.00954406,-0.00961889,-0.00969015,-0.009758,-0.00982258,-0.00988402,-0.00994245,-0.00999799,-0.0100508,-0.0101009,-0.0101484,-0.0101935,-0.0102363,-0.0102768,-0.0103151,-0.0103513,-0.0103855,-0.0104178,-0.0104481,-0.0104767,-0.0105036,-0.0105288,-0.0105523,-0.0105743,-0.0105948,-0.0106138,-0.0106314,-0.0106475,-0.0106624,-0.0106759,-0.0106882,-0.0106992,-0.0107089,-0.0107175,-0.0107249,-0.0107311,-0.0107362,-0.0107401,-0.0107429,-0.0107446,-0.0107451,-0.0107446,-0.0107429,-0.0107401,-0.0107362,-0.0107311,-0.0107249,-0.0107175,-0.0107089,-0.0106992,-0.0106882,-0.0106759,-0.0106624,-0.0106475,-0.0106314,-0.0106138,-0.0105948,-0.0105743,-0.0105523,-0.0105288,-0.0105036,-0.0104767,-0.0104481,-0.0104178,-0.0103855,-0.0103513,-0.0103151,-0.0102768,-0.0102363,-0.0101935,-0.0101484,-0.0101009,-0.0100508,-0.00999799,-0.00994245,-0.00988402,-0.00982258,-0.009758,-0.00969015,-0.00961889,-0.00954406,-0.00946552,-0.0093831,-0.00929664,-0.00920594,-0.00911083,-0.00901111,-0.00890656,-0.00879697,-0.00868211,-0.00856173,-0.00843557,-0.00830337,-0.00816482,-0.00801963,-0.00786747,-0.00770798,-0.0075408,-0.00736553,-0.00718174,-0.00698898,-0.00678674,-0.00657451,-0.00635169,-0.00611767,-0.00587175,-0.0056132,-0.00534119,-0.00505482,-0.00475309,-0.0044349,-0.00409904,-0.00374414,-0.00336869,-0.00297101,-0.00254923,-0.00210129,-0.00162493,-0.0011177,-0.000576971,0
0,-0.000617193,-0.00119787,-0.00174453,-0.00225958,-0.0027453,-0.0032038,-0.00363706,-0.00404687,-0.0044349,-0.00480264,-0.00515146,-0.00548259,-0.00579717,-0.00609622,-0.00638068,-0.0066514,-0.00690919,-0.00715475,-0.00738875,-0.00761182,-0.00782452,-0.00802738,-0.0082209,-0.00840553,-0.00858171,-0.00874984,-0.0089103,-0.00906344,-0.0092096,-0.0093491,-0.00948222,-0.00960927,-0.0097305,-0.00984616,-0.0099565,-0.0100617,-0.0101621,-0.0102578,-0.010349,-0.010436,-0.0105188,-0.0105977,-0.0106728,-0.0107443,-0.0108124,-0.0108771,-0.0109386,-0.010997,-0.0110525,-0.0111052,-0.0111552,-0.0112025,-0.0112474,-0.0112898,-0.0113299,-0.0113678,-0.0114036,-0.0114372,-0.0114689,-0.0114987,-0.0115266,-0.0115527,-0.011577,-0.0115997,-0.0116208,-0.0116402,-0.0116582,-0.0116746,-0.0116896,-0.0117032,-0.0117154,-0.0117262,-0.0117357,-0.0117439,-0.0117508,-0.0117564,-0.0117608,-0.0117639,-0.0117657,-0.0117663,-0.0117657,-0.0117639,-0.0117608,-0.0117564,-0.0117508,-0.0117439,-0.0117357,-0.0117262,-0.0117154,-0.0117032,-0.0116896,-0.0116746,-0.0116582,-0.0116402,-0.0116208,-0.0115997,-0.011577,-0.0115527,-0.0115266,-0.0114987,-0.0114689,-0.0114372,-0.0114036,-0.0113678,-0.0113299,-0.0112898,-0.0112474,-0.0112025,-0.0111552,-0.0111052,-0.0110525,-0.010997,-0.0109386,-0.0108771,-0.0108124,-0.0107443,-0.0106728,-0.0105977,-0.0105188,-0.010436,-0.010349,-0.0102578,-0.0101621,-0.0100617,-0.0099565,-0.00984616,-0.0097305,-0.00960927,-0.00948222,-0.0093491,-0.0092096,-0.00906344,-0.0089103,-0.00874984,-0.00858171,-0.00840553,-0.0082209,-0.00802738,-0.00782452,-0.00761182,-0.00738875,-0.00715475,-0.00690919,-0.0066514,-0.00638068,-0.00609622,-0.00579717,-0.00548259,-0.00515146,-0.00480264,-0.0044349,-0.00404687,-0.00363706,-0.0032038,-0.0027453,-0.00225958,-0.00174453,-0.00119787,-0.000617193,0
0,-0.000654989,-0.00127324,-0.00185706,-0.00240864,-0.00293012,-0.0034235,-0.00389065,-0.00433331,-0.00475309,-0.00515146,-0.00552979,-0.00588932,-0.00623119,-0.00655645,-0.00686607,-0.00716094,-0.00744187,-0.00770962,-0.00796489,-0.00820833,-0.00844055,-0.0086621,-0.00887351,-0.00907527,-0.00926785,-0.00945167,-0.00962714,-0.00979464,-0.00995454,-0.0101072,-0.0102529,-0.0103919,-0.0105246,-0.0106512,-0.0107721,-0.0108873,-0.0109972,-0.0111021,-0.011202,-0.0112972,-0.011388,-0.0114744,-0.0115567,-0.0116351,-0.0117097,-0.0117806,-0.011848,-0.0119121,-0.0119729,-0.0120306,-0.0120854,-0.0121373,-0.0121865,-0.012233,-0.012277,-0.0123185,-0.0123577,-0.0123947,-0.0124294,-0.012462,-0.0124926,-0.0125212,-0.012548,-0.0125728,-0.0125959,-0.0126173,-0.012637,-0.012655,-0.0126715,-0.0126863,-0.0126997,-0.0127116,-0.012722,-0.012731,-0.0127385,-0.0127447,-0.0127495,-0.0127529,-0.0127549,-0.0127556,-0.0127549,-0.0127529,-0.0127495,-0.0127447,-0.0127385,-0.012731,-0.012722,-0.0127116,-0.0126997,-0.0126863,-0.0126715,-0.012655,-0.012637,-0.0126173,-0.0125959,-0.0125728,-0.012548,-0.0125212,-0.0124926,-0.012462,-0.0124294,-0.0123947,-0.0123577,-0.0123185,-0.012277,-0.012233,-0.0121865,-0.0121373,-0.0120854,-0.0120306,-0.0119729,-0.0119121,-0.011848,-0.0117806,-0.0117097,-0.0116351,-0.0115567,-0.0114744,-0.011388,-0.0112972,-0.011202,-0.0111021,-0.0109972,-0.0108873,-0.0107721,-0.0106512,-0.0105246,-0.0103919,-0.0102529,-0.0101072,-0.00995454,-0.00979464,-0.00962714,-0.00945167,-0.00926785,-0.00907527,-0.00887351,-0.0086621,-0.00844055,-0.00820833,-0.00796489,-0.00770962,-0.00744187,-0.00716094,-0.00686607,-0.00655645,-0.00623119,-0.00588932,-0.00552979,-0.00515146,-0.00475309,-0.00433331,-0.00389065,-0.0034235,-0.00293012,-0.00240864,-0.00185706,-0.00127324,-0.000654989,0
0,-0.000690592,-0.00134427,-0.00196314,-0.00254928,-0.00310466,-0.00363118,-0.00413061,-0.00460464,-0.00505482,-0.00548259,-0.00588932,-0.00627622,-0.00664447,-0.00699511,-0.00732914,-0.00764745,-0.0079509,-0.00824026,-0.00851627,-0.00877961,-0.00903089,-0.00927073,-0.00949966,-0.00971821,-0.00992686,-0.0101261,-0.0103163,-0.0104979,-0.0106713,-0.0108369,-0.0109949,-0.0111458,-0.0112898,-0.0114272,-0.0115584,-0.0116835,-0.0118028,-0.0119166,-0.0120252,-0.0121286,-0.0122272,-0.0123211,-0.0124105,-0.0124956,-0.0125766,-0.0126537,-0.0127269,-0.0127966,-0.0128627,-0.0129254,-0.012985,-0.0130414,-0.0130948,-0.0131454,-0.0131932,-0.0132384,-0.013281,-0.0133211,-0.0133589,-0.0133944,-0.0134276,-0.0134587,-0.0134878,-0.0135148,-0.01354,-0.0135632,-0.0135846,-0.0136042,-0.0136221,-0.0136383,-0.0136528,-0.0136657,-0.013677,-0.0136868,-0.013695,-0.0137017,-0.0137069,-0.0137106,-0.0137128,-0.0137136,-0.0137128,-0.0137106,-0.0137069,-0.0137017,-0.013695,-0.0136868,-0.013677,-0.0136657,-0.0136528,-0.0136383,-0.0136221,-0.0136042,-0.0135846,-0.0135632,-0.01354,-0.0135148,-0.0134878,-0.0134587,-0.0134276,-0.0133944,-0.0133589,-0.0133211,-0.013281,-0.0132384,-0.0131932,-0.0131454,-0.0130948,-0.0130414,-0.012985,-0.0129254,-0.0128627,-0.0127966,-0.0127269,-0.0126537,-0.0125766,-0.0124956,-0.0124105,-0.0123211,-0.0122272,-0.0121286,-0.0120252,-0.0119166,-0.0118028,-0.0116835,-0.0115584,-0.0114272,-0.0112898,-0.0111458,-0.0109949,-0.0108369,-0.0106713,-0.0104979,-0.0103163,-0.0101261,-0.00992686,-0.00971821,-0.00949966,-0.00927073,-0.00903089,-0.00877961,-0.00851627,-0.00824026,-0.0079509,-0.00764745,-0.00732914,-0.00699511,-0.00664447,-0.00627622,-0.00588932,-0.00548259,-0.00505482,-0.00460464,-0.00413061,-0.00363118,-0.00310466,-0.00254928,-0.00196314,-0.00134427,-0.000690592,0
0,-0.000724194,-0.00141132,-0.00206334,-0.00268219,-0.00326973,-0.00382775,-0.00435794,-0.00486192,-0.00534119,-0.00579717,-0.00623119,-0.00664447,-0.00703817,-0.00741335,-0.007771,-0.00811206,-0.00843738,-0.00874776,-0.00904397,-0.00932669,-0.00959659,-0.00985428,-0.0101003,-0.0103353,-0.0105597,-0.010774,-0.0109787,-0.0111741,-0.0113608,-0.0115391,-0.0117093,-0.0118718,-0.0120269,-0.0121749,-0.0123163,-0.0124511,-0.0125797,-0.0127024,-0.0128194,-0.0129309,-0.0130372,-0.0131384,-0.0132349,-0.0133267,-0.013414,-0.0134972,-0.0135762,-0.0136513,-0.0137226,-0.0137903,-0.0138546,-0.0139154,-0.0139731,-0.0140277,-0.0140793,-0.014128,-0.014174,-0.0142173,-0.0142581,-0.0142964,-0.0143323,-0.0143659,-0.0143972,-0.0144264,-0.0144536,-0.0144786,-0.0145017,-0.0145229,-0.0145422,-0.0145597,-0.0145754,-0.0145893,-0.0146016,-0.0146121,-0.014621,-0.0146282,-0.0146338,-0.0146378,-0.0146402,-0.014641,-0.0146402,-0.0146378,-0.0146338,-0.0146282,-0.014621,-0.0146121,-0.0146016,-0.0145893,-0.0145754,-0.0145597,-0.0145422,-0.0145229,-0.0145017,-0.0144786,-0.0144536,-0.0144264,-0.0143972,-0.0143659,-0.0143323,-0.0142964,-0.0142581,-0.0142173,-0.014174,-0.014128,-0.0140793,-0.0140277,-0.0139731,-0.0139154,-0.0138546,-0.0137903,-0.0137226,-0.0136513,-0.0135762,-0.0134972,-0.013414,-0.0133267,-0.0132349,-0.0131384,-0.0130372,-0.0129309,-0.0128194,-0.0127024,-0.0125797,-0.0124511,-0.0123163,-0.0121749,-0.0120269,-0.0118718,-0.0117093,-0.0115391,-0.0113608,-0.0111741,-0.0109787,-0.010774,-0.0105597,-0.0103353,-0.0101003,-0.00985428,-0.00959659,-0.00932669,-0.00904397,-0.00874776,-0.00843738,-0.00811206,-0.007771,-0.00741335,-0.00703817,-0.00664447,-0.00623119,-0.00579717,-0.00534119,-0.00486192,-0.00435794,-0.00382775,-0.00326973,-0.00268219,-0.00206334,-0.00141132,-0.000724194,0
0,-0.000755963,-0.00147473,-0.00215813,-0.00280799,-0.00342605,-0.00401403,-0.00457352,-0.00510609,-0.0056132,-0.00609622,-0.00655645,-0.00699511,-0.00741335,-0.00781222,-0.00819273,-0.00855581,-0.00890235,-0.00923315,-0.00954899,-0.00985059,-0.0101386,-0.0104137,-0.0106765,-0.0109276,-0.0111673,-0.0113964,-0.0116152,-0.0118243,-0.0120239,-0.0122146,-0.0123968,-0.0125707,-0.0127367,-0.0128952,-0.0130465,-0.0131909,-0.0133287,-0.0134601,-0.0135854,-0.0137049,-0.0138188,-0.0139273,-0.0140306,-0.014129,-0.0142227,-0.0143118,-0.0143965,-0.014477,-0.0145535,-0.0146261,-0.0146949,-0.0147602,-0.0148221,-0.0148806,-0.0149359,-0.0149882,-0.0150375,-0.015084,-0.0151277,-0.0151688,-0.0152073,-0.0152434,-0.015277,-0.0153083,-0.0153374,-0.0153643,-0.0153891,-0.0154118,-0.0154325,-0.0154513,-0.0154681,-0.0154831,-0.0154962,-0.0155075,-0.0155171,-0.0155248,-0.0155308,-0.0155351,-0.0155377,-0.0155385,-0.0155377,-0.0155351,-0.0155308,-0.0155248,-0.0155171,-0.0155075,-0.0154962,-0.0154831,-0.0154681,-0.0154513,-0.0154325,-0.0154118,-0.0153891,-0.0153643,-0.0153374,-0.0153083,-0.015277,-0.0152434,-0.0152073,-0.0151688,-0.0151277,-0.015084,-0.0150375,-0.0149882,-0.0149359,-0.0148806,-0.0148221,-0.0147602,-0.0146949,-0.0146261,-0.0145535,-0.014477,-0.0143965,-0.0143118,-0.0142227,-0.014129,-0.0140306,-0.0139273,-0.0138188,-0.0137049,-0.0135854,-0.0134601,-0.0133287,-0.0131909,-0.0130465,-0.0128952,-0.0127367,-0.0125707,-0.0123968,-0.0122146,-0.0120239,-0.0118243,-0.0116152,-0.0113964,-0.0111673,-0.0109276,-0.0106765,-0.0104137,-0.0101386,-0.00985059,-0.00954899,-0.00923315,-0.00890235,-0.00855581,-0.00819273,-0.00781222,-0.00741335,-0.00699511,-0.00655645,-0.00609622,-0.0056132,-0.00510609,-0.00457352,-0.00401403,-0.00342605,-0.00280799,-0.00215813,-0.00147473,-0.000755963,0
0,-0.000786039,-0.00153477,-0.00224791,-0.00292719,-0.00357426,-0.00419073,-0.00477816,-0.00533803,-0.00587175,-0.00638068,-0.00686607,-0.00732914,-0.007771,-0.00819273,-0.00859532,-0.00897972,-0.0093468,-0.00969741,-0.0100323,-0.0103523,-0.010658,-0.0109501,-0.0112291,-0.0114958,-0.0117507,-0.0119942,-0.0122268,-0.0124492,-0.0126615,-0.0128645,-0.0130583,-0.0132434,-0.0134201,-0.0135889,-0.01375,-0.0139038,-0.0140506,-0.0141906,-0.0143241,-0.0144514,-0.0145727,-0.0146884,-0.0147985,-0.0149034,-0.0150033,-0.0150982,-0.0151886,-0.0152744,-0.015356,-0.0154334,-0.0155068,-0.0155765,-0.0156424,-0.0157049,-0.0157639,-0.0158197,-0.0158723,-0.0159219,-0.0159685,-0.0160123,-0.0160534,-0.0160919,-0.0161278,-0.0161612,-0.0161922,-0.016221,-0.0162474,-0.0162717,-0.0162938,-0.0163138,-0.0163317,-0.0163477,-0.0163617,-0.0163738,-0.0163839,-0.0163922,-0.0163987,-0.0164032,-0.016406,-0.0164069,-0.016406,-0.0164032,-0.0163987,-0.0163922,-0.0163839,-0.0163738,-0.0163617,-0.0163477,-0.0163317,-0.0163138,-0.0162938,-0.0162717,-0.0162474,-0.016221,-0.0161922,-0.0161612,-0.0161278,-0.0160919,-0.0160534,-0.0160123,-0.0159685,-0.0159219,-0.0158723,-0.0158197,-0.0157639,-0.0157049,-0.0156424,-0.0155765,-0.0155068,-0.0154334,-0.015356,-0.0152744,-0.0151886,-0.0150982,-0.0150033,-0.0149034,-0.0147985,-0.0146884,-0.0145727,-0.0144514,-0.0143241,-0.0141906,-0.0140506,-0.0139038,-0.01375,-0.0135889,-0.0134201,-0.0132434,-0.0130583,-0.0128645,-0.0126615,-0.0124492,-0.0122268,-0.0119942,-0.0117507,-0.0114958,-0.0112291,-0.0109501,-0.010658,-0.0103523,-0.0100323,-0.00969741,-0.0093468,-0.00897972,-0.00859532,-0.00819273,-0.007771,-0.00732914,-0.00686607,-0.00638068,-0.00587175,-0.00533803,-0.00477816,-0.00419073,-0.00357426,-0.00292719,-0.00224791,-0.00153477,-0.000786039,0
0,-0.000814548,-0.00159168,-0.00233305,-0.00304026,-0.0037149,-0.0043585,-0.00497255,-0.00555849,-0.00611767,-0.0066514,-0.00716094,-0.00764745,-0.00811206,-0.00855581,-0.00897972,-0.00938471,-0.00977169,-0.0101415,-0.0104949,-0.0108327,-0.0111555,-0.0114641,-0.0117591,-0.0120411,-0.0123106,-0.0125682,-0.0128144,-0.0130496,-0.0132745,-0.0134893,-0.0136946,-0.0138907,-0.014078,-0.0142568,-0.0144276,-0.0145905,-0.0147461,-0.0148945,-0.0150361,-0.0151711,-0.0152998,-0.0154225,-0.0155393,-0.0156506,-0.0157565,-0.0158573,-0.0159532,-0.0160443,-0.0161308,-0.016213,-0.016291,-0.0163649,-0.0164349,-0.0165012,-0.0165639,-0.0166231,-0.0166789,-0.0167316,-0.0167811,-0.0168276,-0.0168713,-0.0169121,-0.0169502,-0.0169857,-0.0170187,-0.0170492,-0.0170773,-0.0171031,-0.0171265,-0.0171478,-0.0171669,-0.0171838,-0.0171987,-0.0172115,-0.0172223,-0.0172311,-0.017238,-0.0172428,-0.0172457,-0.0172467,-0.0172457,-0.0172428,-0.017238,-0.0172311,-0.0172223,-0.0172115,-0.0171987,-0.0171838,-0.0171669,-0.0171478,-0.0171265,-0.0171031,-0.0170773,-0.0170492,-0.0170187,-0.0169857,-0.0169502,-0.0169121,-0.0168713,-0.0168276,-0.0167811,-0.0167316,-0.0166789,-0.0166231,-0.0165639,-0.0165012,-0.0164349,-0.0163649,-0.016291,-0.016213,-0.0161308,-0.0160443,-0.0159532,-0.0158573,-0.0157565,-0.0156506,-0.0155393,-0.0154225,-0.0152998,-0.0151711,-0.0150361,-0.0148945,-0.0147461,-0.0145905,-0.0144276,-0.0142568,-0.014078,-0.0138907,-0.0136946,-0.0134893,-0.0132745,-0.0130496,-0.0128144,-0.0125682,-0.0123106,-0.0120411,-0.0117591,-0.0114641,-0.0111555,-0.0108327,-0.0104949,-0.0101415,-0.00977169,-0.00938471,-0.00897972,-0.00855581,-0.00811206,-0.00764745,-0.00716094,-0.0066514,-0.00611767,-0.00555849,-0.00497255,-0.0043585,-0.0037149,-0.00304026,-0.00233305,-0.00159168,-0.000814548,0
0,-0.000841597,-0.0016457,-0.00241386,-0.00314762,-0.00384848,-0.00451792,-0.00515735,-0.00576817,-0.00635169,-0.00690919,-0.00744187,-0.0079509,-0.00843738,-0.00890235,-0.0093468,-0.00977169,-0.0101779,-0.0105663,-0.0109376,-0.0112927,-0.0116322,-0.0119568,-0.0122673,-0.0125641,-0.0128479,-0.0131192,-0.0133786,-0.0136266,-0.0138636,-0.0140901,-0.0143066,-0.0145134,-0.014711,-0.0148997,-0.0150799,-0.0152519,-0.0154161,-0.0155728,-0.0157223,-0.0158648,-0.0160008,-0.0161303,-0.0162538,-0.0163713,-0.0164832,-0.0165897,-0.016691,-0.0167873,-0.0168787,-0.0169656,-0.017048,-0.0171261,-0.0172002,-0.0172702,-0.0173365,-0.0173991,-0.0174582,-0.0175138,-0.0175662,-0.0176154,-0.0176616,-0.0177048,-0.0177451,-0.0177826,-0.0178175,-0.0178498,-0.0178795,-0.0179067,-0.0179316,-0.017954,-0.0179742,-0.0179922,-0.0180079,-0.0180215,-0.0180329,-0.0180422,-0.0180494,-0.0180546,-0.0180576,-0.0180587,-0.0180576,-0.0180546,-0.0180494,-0.0180422,-0.0180329,-0.0180215,-0.0180079,-0.0179922,-0.0179742,-0.017954,-0.0179316,-0.0179067,-0.0178795,-0.0178498,-0.0178175,-0.0177826,-0.0177451,-0.0177048,-0.0176616,-0.0176154,-0.0175662,-0.0175138,-0.0174582,-0.0173991,-0.0173365,-0.0172702,-0.0172002,-0.0171261,-0.017048,-0.0169656,-0.0168787,-0.0167873,-0.016691,-0.0165897,-0.0164832,-0.0163713,-0.0162538,-0.0161303,-0.0160008,-0.0158648,-0.0157223,-0.0155728,-0.0154161,-0.0152519,-0.0150799,-0.0148997,-0.014711,-0.0145134,-0.0143066,-0.0140901,-0.0138636,-0.0136266,-0.0133786,-0.0131192,-0.0128479,-0.0125641,-0.0122673,-0.0119568,-0.0116322,-0.0112927,-0.0109376,-0.0105663,-0.0101779,-0.00977169,-0.0093468,-0.00890235,-0.00843738,-0.0079509,-0.00744187,-0.00690919,-0.00635169,-0.00576817,-0.00515735,-0.00451792,-0.00384848,-0.00314762,-0.00241386,-0.0016457,-0.000841597,0
0,-0.000867285,-0.001697,-0.00249062,-0.00324963,-0.00397545,-0.00466949,-0.00533314,-0.00596772,-0.00657451,-0.00715475,-0.00770962,-0.00824026,-0.00874776,-0.00923315,-0.00969741,-0.0101415,-0.0105663,-0.0109726,-0.0113613,-0.0117331,-0.0120888,-0.012429,-0.0127545,-0.0130657,-0.0133635,-0.0136482,-0.0139204,-0.0141808,-0.0144297,-0.0146676,-0.014895,-0.0151123,-0.0153199,-0.0155183,-0.0157077,-0.0158886,-0.0160613,-0.0162261,-0.0163833,-0.0165333,-0.0166763,-0.0168126,-0.0169425,-0.0170663,-0.017184,-0.0172961,-0.0174028,-0.0175041,-0.0176004,-0.0176919,-0.0177787,-0.017861,-0.0179389,-0.0180127,-0.0180825,-0.0181485,-0.0182107,-0.0182693,-0.0183245,-0.0183764,-0.018425,-0.0184705,-0.018513,-0.0185525,-0.0185893,-0.0186233,-0.0186546,-0.0186833,-0.0187095,-0.0187332,-0.0187545,-0.0187734,-0.0187899,-0.0188042,-0.0188163,-0.0188261,-0.0188337,-0.0188391,-0.0188424,-0.0188434,-0.0188424,-0.0188391,-0.0188337,-0.0188261,-0.0188163,-0.0188042,-0.0187899,-0.0187734,-0.0187545,-0.0187332,-0.0187095,-0.0186833,-0.0186546,-0.0186233,-0.0185893,-0.0185525,-0.018513,-0.0184705,-0.018425,-0.0183764,-0.0183245,-0.0182693,-0.0182107,-0.0181485,-0.0180825,-0.0180127,-0.0179389,-0.017861,-0.0177787,-0.0176919,-0.0176004,-0.0175041,-0.0174028,-0.0172961,-0.017184,-0.0170663,-0.0169425,-0.0168126,-0.0166763,-0.0165333,-0.0163833,-0.0162261,-0.0160613,-0.0158886,-0.0157077,-0.0155183,-0.0153199,-0.0151123,-0.014895,-0.0146676,-0.0144297,-0.0141808,-0.0139204,-0.0136482,-0.0133635,-0.0130657,-0.0127545,-0.012429,-0.0120888,-0.0117331,-0.0113613,-0.0109726,-0.0105663,-0.0101415,-0.00969741,-0.00923315,-0.00874776,-0.00824026,-0.00770962,-0.00715475,-0.00657451,-0.00596772,-0.00533314,-0.00466949,-0.00397545,-0.00324963,-0.00249062,-0.001697,-0.000867285,0
0,-0.000891698,-0.00174576,-0.0025636,-0.00334662,-0.0040962,-0.0048137,-0.00550044,-0.00615771,-0.00678674,-0.00738875,-0.00796489,-0.00851627,-0.00904397,-0.00954899,-0.0100323,-0.0104949,-0.0109376,-0.0113613,-0.0117668,-0.0121548,-0.0125262,-0.0128815,-0.0132215,-0.0135468,-0.0138581,-0.0141558,-0.0144406,-0.014713,-0.0149735,-0.0152225,-0.0154606,-0.0156882,-0.0159056,-0.0161134,-0.0163119,-0.0165014,-0.0166824,-0.0168551,-0.01702,-0.0171772,-0.0173272,-0.0174702,-0.0176064,-0.0177362,-0.0178597,-0.0179773,-0.0180892,-0.0181956,-0.0182966,-0.0183926,-0.0184837,-0.01857,-0.0186519,-0.0187293,-0.0188026,-0.0188718,-0.0189372,-0.0189987,-0.0190567,-0.0191111,-0.0191622,-0.01921,-0.0192546,-0.0192961,-0.0193347,-0.0193704,-0.0194033,-0.0194335,-0.019461,-0.0194859,-0.0195082,-0.0195281,-0.0195455,-0.0195605,-0.0195731,-0.0195835,-0.0195914,-0.0195971,-0.0196006,-0.0196017,-0.0196006,-0.0195971,-0.0195914,-0.0195835,-0.0195731,-0.0195605,-0.0195455,-0.0195281,-0.0195082,-0.0194859,-0.019461,-0.0194335,-0.0194033,-0.0193704,-0.0193347,-0.0192961,-0.0192546,-0.01921,-0.0191622,-0.0191111,-0.0190567,-0.0189987,-0.0189372,-0.0188718,-0.0188026,-0.0187293,-0.0186519,-0.01857,-0.0184837,-0.0183926,-0.0182966,-0.0181956,-0.0180892,-0.0179773,-0.0178597,-0.0177362,-0.0176064,-0.0174702,-0.0173272,-0.0171772,-0.01702,-0.0168551,-0.0166824,-0.0165014,-0.0163119,-0.0161134,-0.0159056,-0.0156882,-0.0154606,-0.0152225,-0.0149735,-0.014713,-0.0144406,-0.0141558,-0.0138581,-0.0135468,-0.0132215,-0.0128815,-0.0125262,-0.0121548,-0.0117668,-0.0113613,-0.0109376,-0.0104949,-0.0100323,-0.00954899,-0.00904397,-0.00851627,-0.00796489,-0.00738875,-0.00678674,-0.00615771,-0.00550044,-0.0048137,-0.0040962,-0.00334662,-0.0025636,-0.00174576,-0.000891698,0
0,-0.000914914,-0.00179213,-0.00263301,-0.00343889,-0.00421111,-0.00495097,-0.00565974,-0.00633868,-0.00698898,-0.00761182,-0.00820833,-0.00877961,-0.00932669,-0.00985059,-0.0103523,-0.0108327,-0.0112927,-0.0117331,-0.0121548,-0.0125586,-0.0129451,-0.0133151,-0.0136692,-0.0140082,-0.0143325,-0.0146429,-0.0149399,-0.015224,-0.0154958,-0.0157557,-0.0160042,-0.0162417,-0.0164688,-0.0166858,-0.0168931,-0.0170911,-0.0172802,-0.0174607,-0.017633,-0.0177973,-0.0179541,-0.0181036,-0.018246,-0.0183817,-0.0185109,-0.0186339,-0.018751,-0.0188622,-0.018968,-0.0190684,-0.0191637,-0.019254,-0.0193397,-0.0194208,-0.0194974,-0.0195699,-0.0196383,-0.0197027,-0.0197634,-0.0198204,-0.0198738,-0.0199239,-0.0199706,-0.0200141,-0.0200545,-0.0200919,-0.0201263,-0.0201579,-0.0201867,-0.0202127,-0.0202361,-0.0202569,-0.0202752,-0.0202909,-0.0203042,-0.020315,-0.0203233,-0.0203293,-0.0203329,-0.020334,-0.0203329,-0.0203293,-0.0203233,-0.020315,-0.0203042,-0.0202909,-0.0202752,-0.0202569,-0.0202361,-0.0202127,-0.0201867,-0.0201579,-0.0201263,-0.0200919,-0.0200545,-0.0200141,-0.0199706,-0.0199239,-0.0198738,-0.0198204,-0.0197634,-0.0197027,-0.0196383,-0.0195699,-0.0194974,-0.0194208,-0.0193397,-0.019254,-0.0191637,-0.0190684,-0.018968,-0.0188622,-0.018751,-0.0186339,-0.0185109,-0.0183817,-0.018246,-0.0181036,-0.0179541,-0.0177973,-0.017633,-0.0174607,-0.0172802,-0.0170911,-0.0168931,-0.0166858,-0.0164688,-0.0162417,-0.0160042,-0.0157557,-0.0154958,-0.015224,-0.0149399,-0.0146429,-0.0143325,-0.0140082,-0.0136692,-0.0133151,-0.0129451,-0.0125586,-0.0121548,-0.0117331,-0.0112927,-0.0108327,-0.0103523,-0.00985059,-0.00932669,-0.00877961,-0.00820833,-0.00761182,-0.00698898,-0.00633868,-0.00565974,-0.00495097,-0.00421111,-0.00343889,-0.00263301,-0.00179213,-0.000914914,0
0,-0.000937003,-0.00183626,-0.00269906,-0.00352672,-0.00432051,-0.00508168,-0.00581148,-0.00651111,-0.00718174,-0.00782452,-0.00844055,-0.00903089,-0.00959659,-0.0101386,-0.010658,-0.0111555,-0.0116322,-0.0120888,-0.0125262,-0.0129451,-0.0133462,-0.0137304,-0.0140983,-0.0144504,-0.0147876,-0.0151103,-0.0154191,-0.0157146,-0.0159973,-0.0162678,-0.0165264,-0.0167737,-0.0170101,-0.0172361,-0.0174521,-0.0176583,-0.0178554,-0.0180435,-0.018223,-0.0183943,-0.0185577,-0.0187136,-0.0188621,-0.0190036,-0.0191384,-0.0192667,-0.0193887,-0.0195048,-0.0196151,-0.0197199,-0.0198193,-0.0199136,-0.020003,-0.0200876,-0.0201677,-0.0202433,-0.0203147,-0.0203819,-0.0204453,-0.0205048,-0.0205606,-0.0206128,-0.0206616,-0.020707,-0.0207492,-0.0207882,-0.0208242,-0.0208572,-0.0208872,-0.0209145,-0.0209389,-0.0209606,-0.0209797,-0.0209961,-0.0210099,-0.0210212,-0.02103,-0.0210362,-0.0210399,-0.0210412,-0.0210399,-0.0210362,-0.02103,-0.0210212,-0.0210099,-0.0209961,-0.0209797,-0.0209606,-0.0209389,-0.0209145,-0.0208872,-0.0208572,-0.0208242,-0.0207882,-0.0207492,-0.020707,-0.0206616,-0.0206128,-0.0205606,-0.0205048,-0.0204453,-0.0203819,-0.0203147,-0.0202433,-0.0201677,-0.0200876,-0.020003,-0.0199136,-0.0198193,-0.0197199,-0.0196151,-0.0195048,-0.0193887,-0.0192667,-0.0191384,-0.0190036,-0.0188621,-0.0187136,-0.0185577,-0.0183943,-0.018223,-0.0180435,-0.0178554,-0.0176583,-0.0174521,-0.0172361,-0.0170101,-0.0167737,-0.0165264,-0.0162678,-0.0159973,-0.0157146,-0.0154191,-0.0151103,-0.0147876,-0.0144504,-0.0140983,-0.0137304,-0.0133462,-0.0129451,-0.0125262,-0.0120888,-0.0116322,-0.0111555,-0.010658,-0.0101386,-0.00959659,-0.00903089,-0.00844055,-0.00782452,-0.00718174,-0.00651111,-0.00581148,-0.00508168,-0.00432051,-0.00352672,-0.00269906,-0.00183626,-0.000937003,0
