0,0,0,0,0,0,0,0,0,0,0,0,0,0,0,0,0,0,0,0,0,0,0,0,0,0,0,0,0,0,0,0,0,0,0,0,0,0,0,0,0,0,0,0,0,0,0,0,0,0,0,0,0,0,0,0,0,0,0,0,0,0,0,0,0,0,0,0,0,0,0,0,0,0,0,0,0,0,0,0,0,0,0,0,0,0,0,0,0,0,0,0,0,0,0,0,0,0,0,0,0,0,0,0,0,0,0,0,0,0,0,0,0,0,0,0,0,0,0,0,0,0,0,0,0,0,0,0,0,0,0,0,0,0,0,0,0,0,0,0,0,0,0,0,0,0,0,0,0,0,0,0,0,0,0,0,0,0,0,0,0
0,-0.000118845,-0.000218159,-0.000305662,-0.000384986,-0.00045812,-0.000526288,-0.000590315,-0.000650792,-0.000708161,-0.000762768,-0.000814889,-0.000864751,-0.000912541,-0.000958419,-0.00100252,-0.00104497,-0.00108586,-0.00112529,-0.00116334,-0.00120008,-0.00123558,-0.00126989,-0.00130308,-0.00133518,-0.00136625,-0.00139632,-0.00142544,-0.00145363,-0.00148093,-0.00150738,-0.00153299,-0.0015578,-0.00158182,-0.0016051,-0.00162763,-0.00164945,-0.00167058,-0.00169102,-0.00171081,-0.00172995,-0.00174846,-0.00176636,-0.00178365,-0.00180036,-0.00181649,-0.00183205,-0.00184706,-0.00186153,-0.00187546,-0.00188887,-0.00190176,-0.00191414,-0.00192603,-0.00193742,-0.00194833,-0.00195876,-0.00196872,-0.00197821,-0.00198724,-0.00199582,-0.00200395,-0.00201164,-0.00201889,-0.0020257,-0.00203207,-0.00203802,-0.00204355,-0.00204865,-0.00205334,-0.00205761,-0.00206146,-0.00206491,-0.00206794,-0.00207057,-0.00207279,-0.0020746,-0.00207601,-0.00207702,-0.00207762,-0.00207783,-0.00207762,-0.00207702,-0.00207601,-0.0020746,-0.00207279,-0.00207057,-0.00206794,-0.00206491,-0.00206146,-0.00205761,-0.00205334,-0.00204865,-0.00204355,-0.00203802,-0.00203207,-0.0020257,-0.00201889,-0.00201164,-0.00200395,-0.00199582,-0.00198724,-0.00197821,-0.00196872,-0.00195876,-0.00194833,-0.00193742,-0.00192603,-0.00191414,-0.00190176,-0.00188887,-0.00187546,-0.00186153,-0.00184706,-0.00183205,-0.00181649,-0.00180036,-0.00178365,-0.00176636,-0.00174846,-0.00172995,-0.00171081,-0.00169102,-0.00167058,-0.00164945,-0.00162763,-0.0016051,-0.00158182,-0.0015578,-0.00153299,-0.00150738,-0.00148093,-0.00145363,-0.00142544,-0.00139632,-0.00136625,-0.00133518,-0.00130308,-0.00126989,-0.00123558,-0.00120008,-0.00116334,-0.00112529,-0.00108586,-0.00104497,-0.00100252,-0.000958419,-0.000912541,-0.000864751,-0.000814889,-0.000762768,-0.000708161,-0.000650792,-0.000590315,-0.000526288,-0.00045812,-0.000384986,-0.000305662,-0.000218159,-0.000118845,0
0,-0.000218159,-0.000409065,-0.000580441,-0.000737102,-0.000882144,-0.00101766,-0.00114512,-0.00126563,-0.00138002,-0.00148896,-0.00159298,-0.00169251,-0.00178793,-0.00187955,-0.00196764,-0.00205243,-0.00213412,-0.0022129,-0.00228893,-0.00236235,-0.00243329,-0.00250186,-0.00256818,-0.00263234,-0.00269444,-0.00275454,-0.00281274,-0.00286909,-0.00292366,-0.00297652,-0.00302772,-0.00307732,-0.00312535,-0.00317187,-0.00321692,-0.00326054,-0.00330278,-0.00334365,-0.00338321,-0.00342148,-0.00345849,-0.00349427,-0.00352884,-0.00356224,-0.00359449,-0.0036256,-0.00365561,-0.00368454,-0.00371239,-0.0037392,-0.00376497,-0.00378973,-0.00381349,-0.00383627,-0.00385808,-0.00387893,-0.00389885,-0.00391783,-0.00393589,-0.00395304,-0.0039693,-0.00398467,-0.00399915,-0.00401277,-0.00402552,-0.00403742,-0.00404847,-0.00405868,-0.00406804,-0.00407658,-0.00408429,-0.00409117,-0.00409724,-0.00410249,-0.00410693,-0.00411056,-0.00411338,-0.00411539,-0.0041166,-0.004117,-0.0041166,-0.00411539,-0.00411338,-0.00411056,-0.00410693,-0.00410249,-0.00409724,-0.00409117,-0.00408429,-0.00407658,-0.00406804,-0.00405868,-0.00404847,-0.00403742,-0.00402552,-0.00401277,-0.00399915,-0.00398467,-0.0039693,-0.00395304,-0.00393589,-0.00391783,-0.00389885,-0.00387893,-0.00385808,-0.00383627,-0.00381349,-0.00378973,-0.00376497,-0.0037392,-0.00371239,-0.00368454,-0.00365561,-0.0036256,-0.00359449,-0.00356224,-0.00352884,-0.00349427,-0.00345849,-0.00342148,-0.00338321,-0.00334365,-0.00330278,-0.00326054,-0.00321692,-0.00317187,-0.00312535,-0.00307732,-0.00302772,-0.00297652,-0.00292366,-0.00286909,-0.00281274,-0.00275454,-0.00269444,-0.00263234,-0.00256818,-0.00250186,-0.00243329,-0.00236235,-0.00228893,-0.0022129,-0.00213412,-0.00205243,-0.00196764,-0.00187955,-0.00178793,-0.00169251,-0.00159298,-0.00148896,-0.00138002,-0.00126563,-0.00114512,-0.00101766,-0.000882144,-0.000737102,-0.000580441,-0.000409065,-0.000218159,0
0,-0.000305662,-0.000580441,-0.000830874,-0.00106178,-0.00127664,-0.00147801,-0.00166782,-0.00184752,-0.00201828,-0.00218102,-0.00233649,-0.00248533,-0.00262807,-0.00276517,-0.002897,-0.00302393,-0.00314625,-0.00326421,-0.00337807,-0.00348804,-0.0035943,-0.00369703,-0.00379639,-0.00389252,-0.00398556,-0.00407562,-0.00416283,-0.00424727,-0.00432906,-0.00440828,-0.00448502,-0.00455934,-0.00463134,-0.00470106,-0.00476859,-0.00483398,-0.00489728,-0.00495855,-0.00501785,-0.00507521,-0.00513069,-0.00518433,-0.00523616,-0.00528623,-0.00533457,-0.00538122,-0.00542621,-0.00546956,-0.00551132,-0.00555151,-0.00559015,-0.00562727,-0.0056629,-0.00569705,-0.00572974,-0.00576101,-0.00579086,-0.00581932,-0.0058464,-0.00587212,-0.00589649,-0.00591953,-0.00594125,-0.00596167,-0.00598079,-0.00599862,-0.00601519,-0.00603049,-0.00604454,-0.00605733,-0.00606889,-0.00607922,-0.00608831,-0.00609619,-0.00610284,-0.00610828,-0.00611251,-0.00611553,-0.00611734,-0.00611794,-0.00611734,-0.00611553,-0.00611251,-0.00610828,-0.00610284,-0.00609619,-0.00608831,-0.00607922,-0.00606889,-0.00605733,-0.00604454,-0.00603049,-0.00601519,-0.00599862,-0.00598079,-0.00596167,-0.00594125,-0.00591953,-0.00589649,-0.00587212,-0.0058464,-0.00581932,-0.00579086,-0.00576101,-0.00572974,-0.00569705,-0.0056629,-0.00562727,-0.00559015,-0.00555151,-0.00551132,-0.00546956,-0.00542621,-0.00538122,-0.00533457,-0.00528623,-0.00523616,-0.00518433,-0.00513069,-0.00507521,-0.00501785,-0.00495855,-0.00489728,-0.00483398,-0.00476859,-0.00470106,-0.00463134,-0.00455934,-0.00448502,-0.00440828,-0.00432906,-0.00424727,-0.00416283,-0.00407562,-0.00398556,-0.00389252,-0.00379639,-0.00369703,-0.0035943,-0.00348804,-0.00337807,-0.00326421,-0.00314625,-0.00302393,-0.002897,-0.00276517,-0.00262807,-0.00248533,-0.00233649,-0.00218102,-0.00201828,-0.00184752,-0.00166782,-0.00147801,-0.00127664,-0.00106178,-0.000830874,-0.000580441,-0.000305662,0
0,-0.000384986,-0.000737102,-0.00106178,-0.00136343,-0.00164556,-0.00191088,-0.00216156,-0.00239931,-0.0026255,-0.00284128,-0.00304758,-0.0032452,-0.0034348,-0.00361698,-0.00379223,-0.00396099,-0.00412366,-0.00428058,-0.00443206,-0.00457838,-0.00471979,-0.00485652,-0.00498877,-0.00511674,-0.0052406,-0.00536051,-0.00547662,-0.00558907,-0.00569798,-0.00580348,-0.00590567,-0.00600466,-0.00610054,-0.00619341,-0.00628336,-0.00637045,-0.00645477,-0.00653639,-0.00661538,-0.00669179,-0.0067657,-0.00683715,-0.0069062,-0.0069729,-0.00703731,-0.00709945,-0.00715939,-0.00721716,-0.00727279,-0.00732633,-0.00737781,-0.00742727,-0.00747474,-0.00752024,-0.0075638,-0.00760546,-0.00764524,-0.00768315,-0.00771924,-0.0077535,-0.00778598,-0.00781668,-0.00784562,-0.00787282,-0.0078983,-0.00792207,-0.00794414,-0.00796453,-0.00798324,-0.0080003,-0.0080157,-0.00802945,-0.00804157,-0.00805207,-0.00806093,-0.00806818,-0.00807382,-0.00807784,-0.00808025,-0.00808105,-0.00808025,-0.00807784,-0.00807382,-0.00806818,-0.00806093,-0.00805207,-0.00804157,-0.00802945,-0.0080157,-0.0080003,-0.00798324,-0.00796453,-0.00794414,-0.00792207,-0.0078983,-0.00787282,-0.00784562,-0.00781668,-0.00778598,-0.0077535,-0.00771924,-0.00768315,-0.00764524,-0.00760546,-0.0075638,-0.00752024,-0.00747474,-0.00742727,-0.00737781,-0.00732633,-0.00727279,-0.00721716,-0.00715939,-0.00709945,-0.00703731,-0.0069729,-0.0069062,-0.00683715,-0.0067657,-0.00669179,-0.00661538,-0.00653639,-0.00645477,-0.00637045,-0.00628336,-0.00619341,-0.00610054,-0.00600466,-0.00590567,-0.00580348,-0.00569798,-0.00558907,-0.00547662,-0.00536051,-0.0052406,-0.00511674,-0.00498877,-0.00485652,-0.00471979,-0.00457838,-0.00443206,-0.00428058,-0.00412366,-0.00396099,-0.00379223,-0.00361698,-0.0034348,-0.0032452,-0.00304758,-0.00284128,-0.0026255,-0.00239931,-0.00216156,-0.00191088,-0.00164556,-0.00136343,-0.00106178,-0.000737102,-0.000384986,0
0,-0.00045812,-0.000882144,-0.00127664,-0.00164556,-0.00199221,-0.00231934,-0.00262918,-0.00292359,-0.00320409,-0.00347196,-0.0037283,-0.00397402,-0.00420991,-0.00443666,-0.00465488,-0.00486509,-0.00506777,-0.00526334,-0.00545216,-0.00563459,-0.00581092,-0.00598144,-0.0061464,-0.00630603,-0.00646055,-0.00661016,-0.00675504,-0.00689536,-0.00703128,-0.00716294,-0.00729049,-0.00741404,-0.00753373,-0.00764966,-0.00776193,-0.00787066,-0.00797593,-0.00807783,-0.00817644,-0.00827185,-0.00836413,-0.00845334,-0.00853956,-0.00862285,-0.00870326,-0.00878087,-0.00885571,-0.00892785,-0.00899732,-0.00906418,-0.00912847,-0.00919024,-0.00924951,-0.00930634,-0.00936074,-0.00941277,-0.00946244,-0.0095098,-0.00955486,-0.00959766,-0.00963821,-0.00967655,-0.0097127,-0.00974668,-0.0097785,-0.00980818,-0.00983575,-0.00986121,-0.00988459,-0.00990589,-0.00992512,-0.0099423,-0.00995744,-0.00997055,-0.00998162,-0.00999068,-0.00999771,-0.0100027,-0.0100057,-0.0100068,-0.0100057,-0.0100027,-0.00999771,-0.00999068,-0.00998162,-0.00997055,-0.00995744,-0.0099423,-0.00992512,-0.00990589,-0.00988459,-0.00986121,-0.00983575,-0.00980818,-0.0097785,-0.00974668,-0.0097127,-0.00967655,-0.00963821,-0.00959766,-0.00955486,-0.0095098,-0.00946244,-0.00941277,-0.00936074,-0.00930634,-0.00924951,-0.00919024,-0.00912847,-0.00906418,-0.00899732,-0.00892785,-0.00885571,-0.00878087,-0.00870326,-0.00862285,-0.00853956,-0.00845334,-0.00836413,-0.00827185,-0.00817644,-0.00807783,-0.00797593,-0.00787066,-0.00776193,-0.00764966,-0.00753373,-0.00741404,-0.00729049,-0.00716294,-0.00703128,-0.00689536,-0.00675504,-0.00661016,-0.00646055,-0.00630603,-0.0061464,-0.00598144,-0.00581092,-0.00563459,-0.00545216,-0.00526334,-0.00506777,-0.00486509,-0.00465488,-0.00443666,-0.00420991,-0.00397402,-0.0037283,-0.00347196,-0.00320409,-0.00292359,-0.00262918,-0.00231934,-0.00199221,-0.00164556,-0.00127664,-0.000882144,-0.00045812,0
0,-0.000526288,-0.00101766,-0.00147801,-0.00191088,-0.00231934,-0.00270603,-0.00307319,-0.00342272,-0.00375624,-0.00407514,-0.00438059,-0.00467361,-0.0049551,-0.00522583,-0.00548649,-0.00573769,-0.00597996,-0.00621379,-0.00643962,-0.00665785,-0.00686882,-0.00707288,-0.00727031,-0.00746139,-0.00764638,-0.0078255,-0.00799898,-0.00816702,-0.0083298,-0.00848749,-0.00864026,-0.00878826,-0.00893164,-0.00907052,-0.00920503,-0.0093353,-0.00946143,-0.00958352,-0.00970169,-0.00981601,-0.00992659,-0.0100335,-0.0101368,-0.0102366,-0.010333,-0.010426,-0.0105157,-0.0106022,-0.0106854,-0.0107656,-0.0108426,-0.0109167,-0.0109877,-0.0110558,-0.011121,-0.0111834,-0.011243,-0.0112997,-0.0113537,-0.011405,-0.0114537,-0.0114996,-0.0115429,-0.0115837,-0.0116218,-0.0116574,-0.0116904,-0.011721,-0.011749,-0.0117745,-0.0117976,-0.0118182,-0.0118363,-0.011852,-0.0118653,-0.0118762,-0.0118846,-0.0118906,-0.0118942,-0.0118954,-0.0118942,-0.0118906,-0.0118846,-0.0118762,-0.0118653,-0.011852,-0.0118363,-0.0118182,-0.0117976,-0.0117745,-0.011749,-0.011721,-0.0116904,-0.0116574,-0.0116218,-0.0115837,-0.0115429,-0.0114996,-0.0114537,-0.011405,-0.0113537,-0.0112997,-0.011243,-0.0111834,-0.011121,-0.0110558,-0.0109877,-0.0109167,-0.0108426,-0.0107656,-0.0106854,-0.0106022,-0.0105157,-0.010426,-0.010333,-0.0102366,-0.0101368,-0.0100335,-0.00992659,-0.00981601,-0.00970169,-0.00958352,-0.00946143,-0.0093353,-0.00920503,-0.00907052,-0.00893164,-0.00878826,-0.00864026,-0.00848749,-0.0083298,-0.00816702,-0.00799898,-0.0078255,-0.00764638,-0.00746139,-0.00727031,-0.00707288,-0.00686882,-0.00665785,-0.00643962,-0.00621379,-0.00597996,-0.00573769,-0.00548649,-0.00522583,-0.0049551,-0.00467361,-0.00438059,-0.00407514,-0.00375624,-0.00342272,-0.00307319,-0.00270603,-0.00231934,-0.00191088,-0.00147801,-0.00101766,-0.000526288,0
0,-0.000590315,-0.00114512,-0.00166782,-0.00216156,-0.00262918,-0.00307319,-0.00349576,-0.0038988,-0.00428398,-0.00465271,-0.00500625,-0.00534569,-0.005672,-0.00598603,-0.00628852,-0.00658016,-0.00686154,-0.0071332,-0.00739565,-0.00764931,-0.00789461,-0.0081319,-0.00836153,-0.00858381,-0.00879903,-0.00900746,-0.00920934,-0.0094049,-0.00959436,-0.00977793,-0.00995577,-0.0101281,-0.010295,-0.0104567,-0.0106134,-0.010765,-0.0109119,-0.0110541,-0.0111917,-0.0113249,-0.0114537,-0.0115782,-0.0116986,-0.0118148,-0.0119271,-0.0120355,-0.01214,-0.0122407,-0.0123377,-0.0124311,-0.0125208,-0.0126071,-0.0126899,-0.0127692,-0.0128452,-0.0129179,-0.0129872,-0.0130534,-0.0131163,-0.0131761,-0.0132327,-0.0132863,-0.0133368,-0.0133842,-0.0134287,-0.0134702,-0.0135087,-0.0135442,-0.0135769,-0.0136066,-0.0136335,-0.0136575,-0.0136787,-0.013697,-0.0137124,-0.0137251,-0.0137349,-0.0137419,-0.0137461,-0.0137475,-0.0137461,-0.0137419,-0.0137349,-0.0137251,-0.0137124,-0.013697,-0.0136787,-0.0136575,-0.0136335,-0.0136066,-0.0135769,-0.0135442,-0.0135087,-0.0134702,-0.0134287,-0.0133842,-0.0133368,-0.0132863,-0.0132327,-0.0131761,-0.0131163,-0.0130534,-0.0129872,-0.0129179,-0.0128452,-0.0127692,-0.0126899,-0.0126071,-0.0125208,-0.0124311,-0.0123377,-0.0122407,-0.01214,-0.0120355,-0.0119271,-0.0118148,-0.0116986,-0.0115782,-0.0114537,-0.0113249,-0.0111917,-0.0110541,-0.0109119,-0.010765,-0.0106134,-0.0104567,-0.010295,-0.0101281,-0.00995577,-0.00977793,-0.00959436,-0.0094049,-0.00920934,-0.00900746,-0.00879903,-0.00858381,-0.00836153,-0.0081319,-0.00789461,-0.00764931,-0.00739565,-0.0071332,-0.00686154,-0.00658016,-0.00628852,-0.00598603,-0.005672,-0.00534569,-0.00500625,-0.00465271,-0.00428398,-0.0038988,-0.00349576,-0.00307319,-0.00262918,-0.00216156,-0.00166782,-0.00114512,-0.000590315,0
0,-0.000650792,-0.00126563,-0.00184752,-0.00239931,-0.00292359,-0.00342272,-0.0038988,-0.00435371,-0.0047891,-0.00520642,-0.00560696,-0.00599186,-0.00636215,-0.00671871,-0.00706237,-0.00739384,-0.00771379,-0.0080228,-0.00832141,-0.00861011,-0.00888936,-0.00915955,-0.00942106,-0.00967426,-0.00991944,-0.0101569,-0.010387,-0.0106099,-0.0108258,-0.0110351,-0.0112378,-0.0114343,-0.0116246,-0.011809,-0.0119876,-0.0121606,-0.0123281,-0.0124903,-0.0126473,-0.0127991,-0.0129461,-0.0130881,-0.0132254,-0.0133581,-0.0134861,-0.0136097,-0.013729,-0.0138439,-0.0139546,-0.0140611,-0.0141635,-0.014262,-0.0143564,-0.014447,-0.0145337,-0.0146166,-0.0146958,-0.0147712,-0.0148431,-0.0149113,-0.0149759,-0.015037,-0.0150947,-0.0151488,-0.0151995,-0.0152469,-0.0152908,-0.0153314,-0.0153687,-0.0154026,-0.0154333,-0.0154607,-0.0154848,-0.0155057,-0.0155234,-0.0155378,-0.015549,-0.0155571,-0.0155619,-0.0155635,-0.0155619,-0.0155571,-0.015549,-0.0155378,-0.0155234,-0.0155057,-0.0154848,-0.0154607,-0.0154333,-0.0154026,-0.0153687,-0.0153314,-0.0152908,-0.0152469,-0.0151995,-0.0151488,-0.0150947,-0.015037,-0.0149759,-0.0149113,-0.0148431,-0.0147712,-0.0146958,-0.0146166,-0.0145337,-0.014447,-0.0143564,-0.014262,-0.0141635,-0.0140611,-0.0139546,-0.0138439,-0.013729,-0.0136097,-0.0134861,-0.0133581,-0.0132254,-0.0130881,-0.0129461,-0.0127991,-0.0126473,-0.0124903,-0.0123281,-0.0121606,-0.0119876,-0.011809,-0.0116246,-0.0114343,-0.0112378,-0.0110351,-0.0108258,-0.0106099,-0.010387,-0.0101569,-0.00991944,-0.00967426,-0.00942106,-0.00915955,-0.00888936,-0.00861011,-0.00832141,-0.0080228,-0.00771379,-0.00739384,-0.00706237,-0.00671871,-0.00636215,-0.00599186,-0.00560696,-0.00520642,-0.0047891,-0.00435371,-0.0038988,-0.00342272,-0.00292359,-0.00239931,-0.00184752,-0.00126563,-0.000650792,0
0,-0.000708161,-0.00138002,-0.00201828,-0.0026255,-0.00320409,-0.00375624,-0.00428398,-0.0047891,-0.00527324,-0.00573786,-0.00618426,-0.00661361,-0.00702696,-0.00742526,-0.00780936,-0.00818002,-0.00853794,-0.00888376,-0.00921805,-0.00954135,-0.00985413,-0.0101568,-0.0104499,-0.0107337,-0.0110085,-0.0112748,-0.0115328,-0.0117827,-0.0120249,-0.0122597,-0.0124871,-0.0127075,-0.0129211,-0.013128,-0.0133285,-0.0135226,-0.0137106,-0.0138927,-0.0140689,-0.0142393,-0.0144043,-0.0145637,-0.0147179,-0.0148668,-0.0150106,-0.0151494,-0.0152833,-0.0154123,-0.0155366,-0.0156562,-0.0157713,-0.0158818,-0.0159879,-0.0160896,-0.0161869,-0.0162801,-0.016369,-0.0164538,-0.0165344,-0.016611,-0.0166836,-0.0167523,-0.016817,-0.0168778,-0.0169348,-0.016988,-0.0170373,-0.0170829,-0.0171248,-0.0171629,-0.0171974,-0.0172282,-0.0172553,-0.0172787,-0.0172986,-0.0173148,-0.0173274,-0.0173364,-0.0173418,-0.0173436,-0.0173418,-0.0173364,-0.0173274,-0.0173148,-0.0172986,-0.0172787,-0.0172553,-0.0172282,-0.0171974,-0.0171629,-0.0171248,-0.0170829,-0.0170373,-0.016988,-0.0169348,-0.0168778,-0.016817,-0.0167523,-0.0166836,-0.016611,-0.0165344,-0.0164538,-0.016369,-0.0162801,-0.0161869,-0.0160896,-0.0159879,-0.0158818,-0.0157713,-0.0156562,-0.0155366,-0.0154123,-0.0152833,-0.0151494,-0.0150106,-0.0148668,-0.0147179,-0.0145637,-0.0144043,-0.0142393,-0.0140689,-0.0138927,-0.0137106,-0.0135226,-0.0133285,-0.013128,-0.0129211,-0.0127075,-0.0124871,-0.0122597,-0.0120249,-0.0117827,-0.0115328,-0.0112748,-0.0110085,-0.0107337,-0.0104499,-0.0101568,-0.00985413,-0.00954135,-0.00921805,-0.00888376,-0.00853794,-0.00818002,-0.00780936,-0.00742526,-0.00702696,-0.00661361,-0.00618426,-0.00573786,-0.00527324,-0.0047891,-0.00428398,-0.00375624,-0.00320409,-0.0026255,-0.00201828,-0.00138002,-0.000708161,0
0,-0.000762768,-0.00148896,-0.00218102,-0.00284128,-0.00347196,-0.00407514,-0.00465271,-0.00520642,-0.00573786,-0.00624847,-0.00673956,-0.00721231,-0.0076678,-0.00810698,-0.00853075,-0.0089399,-0.00933517,-0.00971722,-0.0100867,-0.0104441,-0.0107899,-0.0111248,-0.011449,-0.011763,-0.0120672,-0.012362,-0.0126476,-0.0129243,-0.0131926,-0.0134525,-0.0137045,-0.0139486,-0.0141852,-0.0144145,-0.0146366,-0.0148517,-0.0150601,-0.0152619,-0.0154571,-0.0156461,-0.0158289,-0.0160057,-0.0161766,-0.0163417,-0.0165011,-0.016655,-0.0168034,-0.0169465,-0.0170843,-0.017217,-0.0173445,-0.0174671,-0.0175847,-0.0176975,-0.0178055,-0.0179088,-0.0180074,-0.0181014,-0.0181909,-0.0182758,-0.0183564,-0.0184325,-0.0185043,-0.0185718,-0.0186349,-0.0186939,-0.0187487,-0.0187992,-0.0188457,-0.018888,-0.0189262,-0.0189603,-0.0189904,-0.0190164,-0.0190384,-0.0190564,-0.0190704,-0.0190804,-0.0190863,-0.0190883,-0.0190863,-0.0190804,-0.0190704,-0.0190564,-0.0190384,-0.0190164,-0.0189904,-0.0189603,-0.0189262,-0.018888,-0.0188457,-0.0187992,-0.0187487,-0.0186939,-0.0186349,-0.0185718,-0.0185043,-0.0184325,-0.0183564,-0.0182758,-0.0181909,-0.0181014,-0.0180074,-0.0179088,-0.0178055,-0.0176975,-0.0175847,-0.0174671,-0.0173445,-0.017217,-0.0170843,-0.0169465,-0.0168034,-0.016655,-0.0165011,-0.0163417,-0.0161766,-0.0160057,-0.0158289,-0.0156461,-0.0154571,-0.0152619,-0.0150601,-0.0148517,-0.0146366,-0.0144145,-0.0141852,-0.0139486,-0.0137045,-0.0134525,-0.0131926,-0.0129243,-0.0126476,-0.012362,-0.0120672,-0.011763,-0.011449,-0.0111248,-0.0107899,-0.0104441,-0.0100867,-0.00971722,-0.00933517,-0.0089399,-0.00853075,-0.00810698,-0.0076678,-0.00721231,-0.00673956,-0.00624847,-0.00573786,-0.00520642,-0.00465271,-0.00407514,-0.00347196,-0.00284128,-0.00218102,-0.00148896,-0.000762768,0
0,-0.000814889,-0.00159298,-0.00233649,-0.00304758,-0.0037283,-0.00438059,-0.00500625,-0.00560696,-0.00618426,-0.00673956,-0.00727416,-0.00778925,-0.00828589,-0.00876508,-0.00922772,-0.00967463,-0.0101066,-0.0105242,-0.0109283,-0.0113193,-0.0116978,-0.0120643,-0.0124193,-0.0127631,-0.0130963,-0.0134192,-0.0137322,-0.0140355,-0.0143294,-0.0146144,-0.0148906,-0.0151583,-0.0154177,-0.0156691,-0.0159127,-0.0161487,-0.0163772,-0.0165985,-0.0168128,-0.0170201,-0.0172206,-0.0174146,-0.0176021,-0.0177833,-0.0179582,-0.0181271,-0.01829,-0.018447,-0.0185982,-0.0187438,-0.0188838,-0.0190183,-0.0191475,-0.0192713,-0.0193898,-0.0195031,-0.0196114,-0.0197146,-0.0198128,-0.0199061,-0.0199945,-0.0200781,-0.0201569,-0.020231,-0.0203003,-0.0203651,-0.0204252,-0.0204807,-0.0205317,-0.0205781,-0.0206201,-0.0206576,-0.0206906,-0.0207192,-0.0207433,-0.0207631,-0.0207784,-0.0207894,-0.0207959,-0.0207981,-0.0207959,-0.0207894,-0.0207784,-0.0207631,-0.0207433,-0.0207192,-0.0206906,-0.0206576,-0.0206201,-0.0205781,-0.0205317,-0.0204807,-0.0204252,-0.0203651,-0.0203003,-0.020231,-0.0201569,-0.0200781,-0.0199945,-0.0199061,-0.0198128,-0.0197146,-0.0196114,-0.0195031,-0.0193898,-0.0192713,-0.0191475,-0.0190183,-0.0188838,-0.0187438,-0.0185982,-0.018447,-0.01829,-0.0181271,-0.0179582,-0.0177833,-0.0176021,-0.0174146,-0.0172206,-0.0170201,-0.0168128,-0.0165985,-0.0163772,-0.0161487,-0.0159127,-0.0156691,-0.0154177,-0.0151583,-0.0148906,-0.0146144,-0.0143294,-0.0140355,-0.0137322,-0.0134192,-0.0130963,-0.0127631,-0.0124193,-0.0120643,-0.0116978,-0.0113193,-0.0109283,-0.0105242,-0.0101066,-0.00967463,-0.00922772,-0.00876508,-0.00828589,-0.00778925,-0.00727416,-0.00673956,-0.00618426,-0.00560696,-0.00500625,-0.00438059,-0.0037283,-0.00304758,-0.00233649,-0.00159298,-0.000814889,0
0,-0.000864751,-0.00169251,-0.00248533,-0.0032452,-0.00397402,-0.00467361,-0.00534569,-0.00599186,-0.00661361,-0.00721231,-0.00778925,-0.00834559,-0.0088824,-0.0094007,-0.00990139,-0.0103853,-0.0108532,-0.0113059,-0.0117439,-0.012168,-0.0125786,-0.0129763,-0.0133616,-0.0137349,-0.0140968,-0.0144474,-0.0147874,-0.0151169,-0.0154363,-0.015746,-0.0160462,-0.0163372,-0.0166192,-0.0168926,-0.0171574,-0.017414,-0.0176626,-0.0179033,-0.0181363,-0.0183618,-0.01858,-0.018791,-0.018995,-0.0191921,-0.0193824,-0.0195662,-0.0197434,-0.0199143,-0.0200788,-0.0202373,-0.0203896,-0.020536,-0.0206766,-0.0208113,-0.0209403,-0.0210637,-0.0211815,-0.0212938,-0.0214007,-0.0215023,-0.0215985,-0.0216895,-0.0217753,-0.0218559,-0.0219314,-0.0220019,-0.0220673,-0.0221278,-0.0221833,-0.0222338,-0.0222795,-0.0223203,-0.0223563,-0.0223874,-0.0224137,-0.0224352,-0.0224519,-0.0224638,-0.022471,-0.0224733,-0.022471,-0.0224638,-0.0224519,-0.0224352,-0.0224137,-0.0223874,-0.0223563,-0.0223203,-0.0222795,-0.0222338,-0.0221833,-0.0221278,-0.0220673,-0.0220019,-0.0219314,-0.0218559,-0.0217753,-0.0216895,-0.0215985,-0.0215023,-0.0214007,-0.0212938,-0.0211815,-0.0210637,-0.0209403,-0.0208113,-0.0206766,-0.020536,-0.0203896,-0.0202373,-0.0200788,-0.0199143,-0.0197434,-0.0195662,-0.0193824,-0.0191921,-0.018995,-0.018791,-0.01858,-0.0183618,-0.0181363,-0.0179033,-0.0176626,-0.017414,-0.0171574,-0.0168926,-0.0166192,-0.0163372,-0.0160462,-0.015746,-0.0154363,-0.0151169,-0.0147874,-0.0144474,-0.0140968,-0.0137349,-0.0133616,-0.0129763,-0.0125786,-0.012168,-0.0117439,-0.0113059,-0.0108532,-0.0103853,-0.00990139,-0.0094007,-0.0088824,-0.00834559,-0.00778925,-0.00721231,-0.00661361,-0.00599186,-0.00534569,-0.00467361,-0.00397402,-0.0032452,-0.00248533,-0.00169251,-0.000864751,0
0,-0.000912541,-0.00178793,-0.00262807,-0.0034348,-0.00420991,-0.0049551,-0.005672,-0.00636215,-0.00702696,-0.0076678,-0.00828589,-0.0088824,-0.00945841,-0.0100149,-0.0105528,-0.0110729,-0.0115761,-0.0120631,-0.0125346,-0.0129911,-0.0134333,-0.0138617,-0.0142769,-0.0146793,-0.0150693,-0.0154474,-0.015814,-0.0161694,-0.016514,-0.0168481,-0.0171721,-0.0174861,-0.0177905,-0.0180855,-0.0183714,-0.0186485,-0.0189168,-0.0191767,-0.0194283,-0.0196719,-0.0199075,-0.0201354,-0.0203557,-0.0205686,-0.0207743,-0.0209728,-0.0211642,-0.0213488,-0.0215267,-0.0216978,-0.0218625,-0.0220206,-0.0221725,-0.0223181,-0.0224575,-0.0225908,-0.0227181,-0.0228395,-0.0229551,-0.0230648,-0.0231688,-0.0232671,-0.0233599,-0.023447,-0.0235286,-0.0236048,-0.0236755,-0.0237409,-0.0238008,-0.0238555,-0.0239049,-0.023949,-0.0239878,-0.0240214,-0.0240499,-0.0240731,-0.0240912,-0.0241041,-0.0241118,-0.0241144,-0.0241118,-0.0241041,-0.0240912,-0.0240731,-0.0240499,-0.0240214,-0.0239878,-0.023949,-0.0239049,-0.0238555,-0.0238008,-0.0237409,-0.0236755,-0.0236048,-0.0235286,-0.023447,-0.0233599,-0.0232671,-0.0231688,-0.0230648,-0.0229551,-0.0228395,-0.0227181,-0.0225908,-0.0224575,-0.0223181,-0.0221725,-0.0220206,-0.0218625,-0.0216978,-0.0215267,-0.0213488,-0.0211642,-0.0209728,-0.0207743,-0.0205686,-0.0203557,-0.0201354,-0.0199075,-0.0196719,-0.0194283,-0.0191767,-0.0189168,-0.0186485,-0.0183714,-0.0180855,-0.0177905,-0.0174861,-0.0171721,-0.0168481,-0.016514,-0.0161694,-0.015814,-0.0154474,-0.0150693,-0.0146793,-0.0142769,-0.0138617,-0.0134333,-0.0129911,-0.0125346,-0.0120631,-0.0115761,-0.0110729,-0.0105528,-0.0100149,-0.00945841,-0.0088824,-0.00828589,-0.0076678,-0.00702696,-0.00636215,-0.005672,-0.0049551,-0.00420991,-0.0034348,-0.00262807,-0.00178793,-0.000912541,0
0,-0.000958419,-0.00187955,-0.00276517,-0.00361698,-0.00443666,-0.00522583,-0.00598603,-0.00671871,-0.00742526,-0.00810698,-0.00876508,-0.0094007,-0.0100149,-0.0106087,-0.0111829,-0.0117385,-0.0122763,-0.0127969,-0.0133011,-0.0137895,-0.0142628,-0.0147214,-0.015166,-0.0155969,-0.0160148,-0.0164199,-0.0168128,-0.0171938,-0.0175632,-0.0179214,-0.0182688,-0.0186056,-0.0189321,-0.0192486,-0.0195554,-0.0198526,-0.0201405,-0.0204194,-0.0206895,-0.0209509,-0.0212038,-0.0214484,-0.021685,-0.0219135,-0.0221343,-0.0223474,-0.022553,-0.0227512,-0.0229422,-0.023126,-0.0233028,-0.0234726,-0.0236357,-0.0237921,-0.0239418,-0.024085,-0.0242218,-0.0243522,-0.0244763,-0.0245941,-0.0247058,-0.0248115,-0.0249111,-0.0250047,-0.0250924,-0.0251742,-0.0252502,-0.0253204,-0.0253848,-0.0254435,-0.0254965,-0.0255439,-0.0255857,-0.0256218,-0.0256523,-0.0256773,-0.0256967,-0.0257105,-0.0257189,-0.0257216,-0.0257189,-0.0257105,-0.0256967,-0.0256773,-0.0256523,-0.0256218,-0.0255857,-0.0255439,-0.0254965,-0.0254435,-0.0253848,-0.0253204,-0.0252502,-0.0251742,-0.0250924,-0.0250047,-0.0249111,-0.0248115,-0.0247058,-0.0245941,-0.0244763,-0.0243522,-0.0242218,-0.024085,-0.0239418,-0.0237921,-0.0236357,-0.0234726,-0.0233028,-0.023126,-0.0229422,-0.0227512,-0.022553,-0.0223474,-0.0221343,-0.0219135,-0.021685,-0.0214484,-0.0212038,-0.0209509,-0.0206895,-0.0204194,-0.0201405,-0.0198526,-0.0195554,-0.0192486,-0.0189321,-0.0186056,-0.0182688,-0.0179214,-0.0175632,-0.0171938,-0.0168128,-0.0164199,-0.0160148,-0.0155969,-0.015166,-0.0147214,-0.0142628,-0.0137895,-0.0133011,-0.0127969,-0.0122763,-0.0117385,-0.0111829,-0.0106087,-0.0100149,-0.0094007,-0.00876508,-0.00810698,-0.00742526,-0.00671871,-0.00598603,-0.00522583,-0.00443666,-0.00361698,-0.00276517,-0.00187955,-0.000958419,0
0,-0.00100252,-0.00196764,-0.002897,-0.00379223,-0.00465488,-0.00548649,-0.00628852,-0.00706237,-0.00780936,-0.00853075,-0.00922772,-0.00990139,-0.0105528,-0.0111829,-0.0117927,-0.0123829,-0.0129545,-0.013508,-0.0140444,-0.0145641,-0.0150678,-0.0155562,-0.0160296,-0.0164887,-0.0169339,-0.0173657,-0.0177845,-0.0181907,-0.0185846,-0.0189666,-0.0193371,-0.0196964,-0.0200448,-0.0203825,-0.0207098,-0.021027,-0.0213344,-0.0216321,-0.0219203,-0.0221994,-0.0224694,-0.0227306,-0.0229832,-0.0232272,-0.023463,-0.0236906,-0.0239102,-0.0241219,-0.0243258,-0.0245222,-0.024711,-0.0248925,-0.0250667,-0.0252337,-0.0253937,-0.0255467,-0.0256928,-0.0258321,-0.0259647,-0.0260907,-0.02621,-0.0263229,-0.0264293,-0.0265294,-0.0266231,-0.0267105,-0.0267917,-0.0268667,-0.0269355,-0.0269983,-0.027055,-0.0271056,-0.0271502,-0.0271888,-0.0272214,-0.0272481,-0.0272689,-0.0272837,-0.0272925,-0.0272955,-0.0272925,-0.0272837,-0.0272689,-0.0272481,-0.0272214,-0.0271888,-0.0271502,-0.0271056,-0.027055,-0.0269983,-0.0269355,-0.0268667,-0.0267917,-0.0267105,-0.0266231,-0.0265294,-0.0264293,-0.0263229,-0.02621,-0.0260907,-0.0259647,-0.0258321,-0.0256928,-0.0255467,-0.0253937,-0.0252337,-0.0250667,-0.0248925,-0.024711,-0.0245222,-0.0243258,-0.0241219,-0.0239102,-0.0236906,-0.023463,-0.0232272,-0.0229832,-0.0227306,-0.0224694,-0.0221994,-0.0219203,-0.0216321,-0.0213344,-0.021027,-0.0207098,-0.0203825,-0.0200448,-0.0196964,-0.0193371,-0.0189666,-0.0185846,-0.0181907,-0.0177845,-0.0173657,-0.0169339,-0.0164887,-0.0160296,-0.0155562,-0.0150678,-0.0145641,-0.0140444,-0.013508,-0.0129545,-0.0123829,-0.0117927,-0.0111829,-0.0105528,-0.00990139,-0.00922772,-0.00853075,-0.00780936,-0.00706237,-0.00628852,-0.00548649,-0.00465488,-0.00379223,-0.002897,-0.00196764,-0.00100252,0
0,-0.00104497,-0.00205243,-0.00302393,-0.00396099,-0.00486509,-0.00573769,-0.00658016,-0.00739384,-0.00818002,-0.0089399,-0.00967463,-0.0103853,-0.0110729,-0.0117385,-0.0123829,-0.013007,-0.0136116,-0.0141974,-0.0147652,-0.0153156,-0.0158493,-0.0163668,-0.0168686,-0.0173554,-0.0178275,-0.0182855,-0.0187298,-0.0191608,-0.0195789,-0.0199844,-0.0203777,-0.0207592,-0.0211291,-0.0214877,-0.0218354,-0.0221724,-0.0224988,-0.0228151,-0.0231214,-0.0234179,-0.0237049,-0.0239825,-0.0242509,-0.0245103,-0.0247609,-0.0250029,-0.0252363,-0.0254614,-0.0256782,-0.025887,-0.0260877,-0.0262807,-0.0264659,-0.0266436,-0.0268137,-0.0269764,-0.0271317,-0.0272799,-0.0274209,-0.0275549,-0.0276818,-0.0278019,-0.027915,-0.0280214,-0.0281211,-0.0282141,-0.0283005,-0.0283802,-0.0284535,-0.0285202,-0.0285805,-0.0286344,-0.0286818,-0.0287229,-0.0287576,-0.028786,-0.028808,-0.0288238,-0.0288332,-0.0288364,-0.0288332,-0.0288238,-0.028808,-0.028786,-0.0287576,-0.0287229,-0.0286818,-0.0286344,-0.0285805,-0.0285202,-0.0284535,-0.0283802,-0.0283005,-0.0282141,-0.0281211,-0.0280214,-0.027915,-0.0278019,-0.0276818,-0.0275549,-0.0274209,-0.0272799,-0.0271317,-0.0269764,-0.0268137,-0.0266436,-0.0264659,-0.0262807,-0.0260877,-0.025887,-0.0256782,-0.0254614,-0.0252363,-0.0250029,-0.0247609,-0.0245103,-0.0242509,-0.0239825,-0.0237049,-0.0234179,-0.0231214,-0.0228151,-0.0224988,-0.0221724,-0.0218354,-0.0214877,-0.0211291,-0.0207592,-0.0203777,-0.0199844,-0.0195789,-0.0191608,-0.0187298,-0.0182855,-0.0178275,-0.0173554,-0.0168686,-0.0163668,-0.0158493,-0.0153156,-0.0147652,-0.0141974,-0.0136116,-0.013007,-0.0123829,-0.0117385,-0.0110729,-0.0103853,-0.00967463,-0.0089399,-0.00818002,-0.00739384,-0.00658016,-0.00573769,-0.00486509,-0.00396099,-0.00302393,-0.00205243,-0.00104497,0
0,-0.00108586,-0.00213412,-0.00314625,-0.00412366,-0.00506777,-0.00597996,-0.00686154,-0.00771379,-0.00853794,-0.00933517,-0.0101066,-0.0108532,-0.0115761,-0.0122763,-0.0129545,-0.0136116,-0.0142485,-0.0148659,-0.0154645,-0.016045,-0.0166079,-0.017154,-0.0176838,-0.0181977,-0.0186963,-0.0191801,-0.0196495,-0.0201049,-0.0205467,-0.0209754,-0.0213912,-0.0217945,-0.0221857,-0.022565,-0.0229327,-0.0232892,-0.0236346,-0.0239692,-0.0242933,-0.0246071,-0.0249108,-0.0252046,-0.0254887,-0.0257633,-0.0260286,-0.0262847,-0.0265318,-0.0267701,-0.0269997,-0.0272208,-0.0274334,-0.0276377,-0.0278339,-0.028022,-0.0282021,-0.0283744,-0.028539,-0.0286959,-0.0288453,-0.0289871,-0.0291216,-0.0292488,-0.0293686,-0.0294813,-0.0295869,-0.0296854,-0.0297769,-0.0298614,-0.029939,-0.0300097,-0.0300736,-0.0301306,-0.0301809,-0.0302244,-0.0302612,-0.0302912,-0.0303146,-0.0303313,-0.0303413,-0.0303446,-0.0303413,-0.0303313,-0.0303146,-0.0302912,-0.0302612,-0.0302244,-0.0301809,-0.0301306,-0.0300736,-0.0300097,-0.029939,-0.0298614,-0.0297769,-0.0296854,-0.0295869,-0.0294813,-0.0293686,-0.0292488,-0.0291216,-0.0289871,-0.0288453,-0.0286959,-0.028539,-0.0283744,-0.0282021,-0.028022,-0.0278339,-0.0276377,-0.0274334,-0.0272208,-0.0269997,-0.0267701,-0.0265318,-0.0262847,-0.0260286,-0.0257633,-0.0254887,-0.0252046,-0.0249108,-0.0246071,-0.0242933,-0.0239692,-0.0236346,-0.0232892,-0.0229327,-0.022565,-0.0221857,-0.0217945,-0.0213912,-0.0209754,-0.0205467,-0.0201049,-0.0196495,-0.0191801,-0.0186963,-0.0181977,-0.0176838,-0.017154,-0.0166079,-0.016045,-0.0154645,-0.0148659,-0.0142485,-0.0136116,-0.0129545,-0.0122763,-0.0115761,-0.0108532,-0.0101066,-0.00933517,-0.00853794,-0.00771379,-0.00686154,-0.00597996,-0.00506777,-0.00412366,-0.00314625,-0.00213412,-0.00108586,0
0,-0.00112529,-0.0022129,-0.00326421,-0.00428058,-0.00526334,-0.00621379,-0.0071332,-0.0080228,-0.00888376,-0.00971722,-0.0105242,-0.0113059,-0.0120631,-0.0127969,-0.013508,-0.0141974,-0.0148659,-0.0155141,-0.0161429,-0.0167528,-0.0173445,-0.0179186,-0.0184757,-0.0190163,-0.0195409,-0.02005,-0.0205441,-0.0210235,-0.0214888,-0.0219402,-0.0223782,-0.0228031,-0.0232152,-0.0236149,-0.0240024,-0.0243781,-0.0247422,-0.0250949,-0.0254366,-0.0257675,-0.0260877,-0.0263975,-0.0266971,-0.0269867,-0.0272665,-0.0275366,-0.0277973,-0.0280487,-0.0282909,-0.0285241,-0.0287484,-0.0289639,-0.0291709,-0.0293694,-0.0295595,-0.0297413,-0.029915,-0.0300805,-0.0302382,-0.0303879,-0.0305298,-0.030664,-0.0307905,-0.0309095,-0.0310209,-0.0311249,-0.0312214,-0.0313106,-0.0313925,-0.0314672,-0.0315346,-0.0315948,-0.0316478,-0.0316938,-0.0317326,-0.0317643,-0.031789,-0.0318066,-0.0318172,-0.0318207,-0.0318172,-0.0318066,-0.031789,-0.0317643,-0.0317326,-0.0316938,-0.0316478,-0.0315948,-0.0315346,-0.0314672,-0.0313925,-0.0313106,-0.0312214,-0.0311249,-0.0310209,-0.0309095,-0.0307905,-0.030664,-0.0305298,-0.0303879,-0.0302382,-0.0300805,-0.029915,-0.0297413,-0.0295595,-0.0293694,-0.0291709,-0.0289639,-0.0287484,-0.0285241,-0.0282909,-0.0280487,-0.0277973,-0.0275366,-0.0272665,-0.0269867,-0.0266971,-0.0263975,-0.0260877,-0.0257675,-0.0254366,-0.0250949,-0.0247422,-0.0243781,-0.0240024,-0.0236149,-0.0232152,-0.0228031,-0.0223782,-0.0219402,-0.0214888,-0.0210235,-0.0205441,-0.02005,-0.0195409,-0.0190163,-0.0184757,-0.0179186,-0.0173445,-0.0167528,-0.0161429,-0.0155141,-0.0148659,-0.0141974,-0.013508,-0.0127969,-0.0120631,-0.0113059,-0.0105242,-0.00971722,-0.00888376,-0.0080228,-0.0071332,-0.00621379,-0.00526334,-0.00428058,-0.00326421,-0.0022129,-0.00112529,0
0,-0.00116334,-0.00228893,-0.00337807,-0.00443206,-0.00545216,-0.00643962,-0.00739565,-0.00832141,-0.00921805,-0.0100867,-0.0109283,-0.0117439,-0.0125346,-0.0133011,-0.0140444,-0.0147652,-0.0154645,-0.0161429,-0.0168011,-0.0174398,-0.0180596,-0.0186612,-0.0192452,-0.0198119,-0.0203621,-0.020896,-0.0214144,-0.0219174,-0.0224057,-0.0228796,-0.0233393,-0.0237855,-0.0242182,-0.024638,-0.025045,-0.0254396,-0.0258221,-0.0261928,-0.0265518,-0.0268995,-0.027236,-0.0275616,-0.0278765,-0.028181,-0.0284751,-0.0287591,-0.0290331,-0.0292974,-0.0295521,-0.0297973,-0.0300332,-0.0302599,-0.0304775,-0.0306863,-0.0308862,-0.0310774,-0.0312601,-0.0314343,-0.0316001,-0.0317575,-0.0319068,-0.032048,-0.0321811,-0.0323062,-0.0324235,-0.0325328,-0.0326344,-0.0327283,-0.0328144,-0.0328929,-0.0329638,-0.0330272,-0.033083,-0.0331313,-0.0331722,-0.0332056,-0.0332315,-0.0332501,-0.0332612,-0.0332649,-0.0332612,-0.0332501,-0.0332315,-0.0332056,-0.0331722,-0.0331313,-0.033083,-0.0330272,-0.0329638,-0.0328929,-0.0328144,-0.0327283,-0.0326344,-0.0325328,-0.0324235,-0.0323062,-0.0321811,-0.032048,-0.0319068,-0.0317575,-0.0316001,-0.0314343,-0.0312601,-0.0310774,-0.0308862,-0.0306863,-0.0304775,-0.0302599,-0.0300332,-0.0297973,-0.0295521,-0.0292974,-0.0290331,-0.0287591,-0.0284751,-0.028181,-0.0278765,-0.0275616,-0.027236,-0.0268995,-0.0265518,-0.0261928,-0.0258221,-0.0254396,-0.025045,-0.024638,-0.0242182,-0.0237855,-0.0233393,-0.0228796,-0.0224057,-0.0219174,-0.0214144,-0.020896,-0.0203621,-0.0198119,-0.0192452,-0.0186612,-0.0180596,-0.0174398,-0.0168011,-0.0161429,-0.0154645,-0.0147652,-0.0140444,-0.0133011,-0.0125346,-0.0117439,-0.0109283,-0.0100867,-0.00921805,-0.00832141,-0.00739565,-0.00643962,-0.00545216,-0.00443206,-0.00337807,-0.00228893,-0.00116334,0
0,-0.00120008,-0.00236235,-0.00348804,-0.00457838,-0.00563459,-0.00665785,-0.00764931,-0.00861011,-0.00954135,-0.0104441,-0.0113193,-0.012168,-0.0129911,-0.0137895,-0.0145641,-0.0153156,-0.016045,-0.0167528,-0.0174398,-0.0181067,-0.0187541,-0.0193826,-0.0199928,-0.0205852,-0.0211604,-0.0217188,-0.0222609,-0.0227872,-0.0232981,-0.023794,-0.0242752,-0.0247422,-0.0251953,-0.0256348,-0.0260611,-0.0264744,-0.026875,-0.0272633,-0.0276394,-0.0280037,-0.0283563,-0.0286975,-0.0290276,-0.0293466,-0.0296549,-0.0299526,-0.0302399,-0.0305169,-0.0307839,-0.031041,-0.0312883,-0.031526,-0.0317542,-0.0319731,-0.0321827,-0.0323833,-0.0325748,-0.0327575,-0.0329313,-0.0330965,-0.0332531,-0.0334012,-0.0335408,-0.033672,-0.033795,-0.0339097,-0.0340162,-0.0341147,-0.0342051,-0.0342874,-0.0343618,-0.0344283,-0.0344868,-0.0345375,-0.0345804,-0.0346154,-0.0346426,-0.0346621,-0.0346737,-0.0346776,-0.0346737,-0.0346621,-0.0346426,-0.0346154,-0.0345804,-0.0345375,-0.0344868,-0.0344283,-0.0343618,-0.0342874,-0.0342051,-0.0341147,-0.0340162,-0.0339097,-0.033795,-0.033672,-0.0335408,-0.0334012,-0.0332531,-0.0330965,-0.0329313,-0.0327575,-0.0325748,-0.0323833,-0.0321827,-0.0319731,-0.0317542,-0.031526,-0.0312883,-0.031041,-0.0307839,-0.0305169,-0.0302399,-0.0299526,-0.0296549,-0.0293466,-0.0290276,-0.0286975,-0.0283563,-0.0280037,-0.0276394,-0.0272633,-0.026875,-0.0264744,-0.0260611,-0.0256348,-0.0251953,-0.0247422,-0.0242752,-0.023794,-0.0232981,-0.0227872,-0.0222609,-0.0217188,-0.0211604,-0.0205852,-0.0199928,-0.0193826,-0.0187541,-0.0181067,-0.0174398,-0.0167528,-0.016045,-0.0153156,-0.0145641,-0.0137895,-0.0129911,-0.012168,-0.0113193,-0.0104441,-0.00954135,-0.00861011,-0.00764931,-0.00665785,-0.00563459,-0.00457838,-0.00348804,-0.00236235,-0.00120008,0
0,-0.00123558,-0.00243329,-0.0035943,-0.00471979,-0.00581092,-0.00686882,-0.00789461,-0.00888936,-0.00985413,-0.0107899,-0.0116978,-0.0125786,-0.0134333,-0.0142628,-0.0150678,-0.0158493,-0.0166079,-0.0173445,-0.0180596,-0.0187541,-0.0194284,-0.0200832,-0.0207192,-0.0213367,-0.0219364,-0.0225188,-0.0230843,-0.0236334,-0.0241665,-0.024684,-0.0251864,-0.0256739,-0.026147,-0.026606,-0.0270512,-0.0274829,-0.0279014,-0.028307,-0.0287,-0.0290806,-0.0294491,-0.0298057,-0.0301506,-0.0304841,-0.0308064,-0.0311176,-0.0314179,-0.0317075,-0.0319867,-0.0322555,-0.0325141,-0.0327627,-0.0330013,-0.0332302,-0.0334495,-0.0336592,-0.0338595,-0.0340506,-0.0342325,-0.0344052,-0.034569,-0.0347239,-0.0348699,-0.0350072,-0.0351358,-0.0352559,-0.0353673,-0.0354703,-0.0355649,-0.035651,-0.0357288,-0.0357984,-0.0358596,-0.0359127,-0.0359575,-0.0359941,-0.0360226,-0.036043,-0.0360552,-0.0360592,-0.0360552,-0.036043,-0.0360226,-0.0359941,-0.0359575,-0.0359127,-0.0358596,-0.0357984,-0.0357288,-0.035651,-0.0355649,-0.0354703,-0.0353673,-0.0352559,-0.0351358,-0.0350072,-0.0348699,-0.0347239,-0.034569,-0.0344052,-0.0342325,-0.0340506,-0.0338595,-0.0336592,-0.0334495,-0.0332302,-0.0330013,-0.0327627,-0.0325141,-0.0322555,-0.0319867,-0.0317075,-0.0314179,-0.0311176,-0.0308064,-0.0304841,-0.0301506,-0.0298057,-0.0294491,-0.0290806,-0.0287,-0.028307,-0.0279014,-0.0274829,-0.0270512,-0.026606,-0.026147,-0.0256739,-0.0251864,-0.024684,-0.0241665,-0.0236334,-0.0230843,-0.0225188,-0.0219364,-0.0213367,-0.0207192,-0.0200832,-0.0194284,-0.0187541,-0.0180596,-0.0173445,-0.0166079,-0.0158493,-0.0150678,-0.0142628,-0.0134333,-0.0125786,-0.0116978,-0.0107899,-0.00985413,-0.00888936,-0.00789461,-0.00686882,-0.00581092,-0.00471979,-0.0035943,-0.00243329,-0.00123558,0
0,-0.00126989,-0.00250186,-0.00369703,-0.00485652,-0.00598144,-0.00707288,-0.0081319,-0.00915955,-0.0101568,-0.0111248,-0.0120643,-0.0129763,-0.0138617,-0.0147214,-0.0155562,-0.0163668,-0.017154,-0.0179186,-0.0186612,-0.0193826,-0.0200832,-0.0207638,-0.021425,-0.0220671,-0.0226909,-0.0232968,-0.0238852,-0.0244567,-0.0250116,-0.0255504,-0.0260734,-0.0265811,-0.0270739,-0.027552,-0.0280158,-0.0284656,-0.0289017,-0.0293244,-0.029734,-0.0301307,-0.0305149,-0.0308866,-0.0312462,-0.031594,-0.03193,-0.0322545,-0.0325677,-0.0328698,-0.0331609,-0.0334413,-0.0337111,-0.0339703,-0.0342193,-0.0344581,-0.0346868,-0.0349057,-0.0351147,-0.035314,-0.0355038,-0.0356841,-0.0358549,-0.0360166,-0.0361689,-0.0363122,-0.0364464,-0.0365717,-0.036688,-0.0367955,-0.0368942,-0.0369841,-0.0370653,-0.0371379,-0.0372018,-0.0372572,-0.037304,-0.0373422,-0.0373719,-0.0373932,-0.0374059,-0.0374101,-0.0374059,-0.0373932,-0.0373719,-0.0373422,-0.037304,-0.0372572,-0.0372018,-0.0371379,-0.0370653,-0.0369841,-0.0368942,-0.0367955,-0.036688,-0.0365717,-0.0364464,-0.0363122,-0.0361689,-0.0360166,-0.0358549,-0.0356841,-0.0355038,-0.035314,-0.0351147,-0.0349057,-0.0346868,-0.0344581,-0.0342193,-0.0339703,-0.0337111,-0.0334413,-0.0331609,-0.0328698,-0.0325677,-0.0322545,-0.03193,-0.031594,-0.0312462,-0.0308866,-0.0305149,-0.0301307,-0.029734,-0.0293244,-0.0289017,-0.0284656,-0.0280158,-0.027552,-0.0270739,-0.0265811,-0.0260734,-0.0255504,-0.0250116,-0.0244567,-0.0238852,-0.0232968,-0.0226909,-0.0220671,-0.021425,-0.0207638,-0.0200832,-0.0193826,-0.0186612,-0.0179186,-0.017154,-0.0163668,-0.0155562,-0.0147214,-0.0138617,-0.0129763,-0.0120643,-0.0111248,-0.0101568,-0.00915955,-0.0081319,-0.00707288,-0.00598144,-0.00485652,-0.00369703,-0.00250186,-0.00126989,0
