0,0,0,0,0,0,0,0,0,0,0,0,0,0,0,0,0,0,0,0,0,0,0,0,0,0,0,0,0,0,0,0,0,0,0,0,0,0,0,0,0,0,0,0,0,0,0,0,0,0,0,0,0,0,0,0,0,0,0,0,0,0,0,0,0,0,0,0,0,0,0,0,0,0,0,0,0,0,0,0,0,0,0,0,0,0,0,0,0,0,0,0,0,0,0,0,0,0,0,0,0,0,0,0,0,0,0,0,0,0,0,0,0,0,0,0,0,0,0,0,0,0,0,0,0,0,0,0,0,0,0,0,0,0,0,0,0,0,0,0,0,0,0,0,0,0,0,0,0,0,0,0,0,0,0,0,0,0,0,0,0
0,-0.000118288,-0.000217045,-0.000303992,-0.000382761,-0.00045534,-0.000522955,-0.000586429,-0.000646355,-0.000703175,-0.000757235,-0.000808811,-0.00085813,-0.00090538,-0.000950721,-0.000994289,-0.0010362,-0.00107657,-0.00111547,-0.001153,-0.00118923,-0.00122421,-0.00125802,-0.0012907,-0.00132231,-0.00135288,-0.00138246,-0.00141109,-0.00143881,-0.00146564,-0.00149162,-0.00151677,-0.00154113,-0.00156471,-0.00158754,-0.00160964,-0.00163103,-0.00165174,-0.00167177,-0.00169115,-0.0017099,-0.00172802,-0.00174553,-0.00176245,-0.00177879,-0.00179456,-0.00180978,-0.00182445,-0.00183858,-0.00185219,-0.00186528,-0.00187787,-0.00188996,-0.00190156,-0.00191267,-0.00192331,-0.00193349,-0.0019432,-0.00195245,-0.00196126,-0.00196962,-0.00197754,-0.00198503,-0.00199209,-0.00199872,-0.00200493,-0.00201073,-0.00201611,-0.00202108,-0.00202564,-0.00202979,-0.00203354,-0.0020369,-0.00203985,-0.0020424,-0.00204456,-0.00204633,-0.0020477,-0.00204868,-0.00204927,-0.00204946,-0.00204927,-0.00204868,-0.0020477,-0.00204633,-0.00204456,-0.0020424,-0.00203985,-0.0020369,-0.00203354,-0.00202979,-0.00202564,-0.00202108,-0.00201611,-0.00201073,-0.00200493,-0.00199872,-0.00199209,-0.00198503,-0.00197754,-0.00196962,-0.00196126,-0.00195245,-0.0019432,-0.00193349,-0.00192331,-0.00191267,-0.00190156,-0.00188996,-0.00187787,-0.00186528,-0.00185219,-0.00183858,-0.00182445,-0.00180978,-0.00179456,-0.00177879,-0.00176245,-0.00174553,-0.00172802,-0.0017099,-0.00169115,-0.00167177,-0.00165174,-0.00163103,-0.00160964,-0.00158754,-0.00156471,-0.00154113,-0.00151677,-0.00149162,-0.00146564,-0.00143881,-0.00141109,-0.00138246,-0.00135288,-0.00132231,-0.0012907,-0.00125802,-0.00122421,-0.00118923,-0.001153,-0.00111547,-0.00107657,-0.0010362,-0.000994289,-0.000950721,-0.00090538,-0.00085813,-0.000808811,-0.000757235,-0.000703175,-0.000646355,-0.000586429,-0.000522955,-0.00045534,-0.000382761,-0.000303992,-0.000217045,-0.000118288,0
0,-0.000217045,-0.000406839,-0.000577102,-0.000732652,-0.000876585,-0.00101099,-0.00113735,-0.00125676,-0.00137005,-0.0014779,-0.00158082,-0.00167927,-0.00177361,-0.00186416,-0.00195118,-0.0020349,-0.00211554,-0.00219327,-0.00226826,-0.00234064,-0.00241056,-0.00247812,-0.00254343,-0.0026066,-0.0026677,-0.00272683,-0.00278406,-0.00283946,-0.00289309,-0.00294502,-0.0029953,-0.00304398,-0.00309112,-0.00313676,-0.00318094,-0.00322371,-0.0032651,-0.00330516,-0.0033439,-0.00338137,-0.0034176,-0.00345262,-0.00348645,-0.00351912,-0.00355065,-0.00358107,-0.0036104,-0.00363865,-0.00366586,-0.00369204,-0.00371721,-0.00374137,-0.00376456,-0.00378679,-0.00380806,-0.0038284,-0.00384782,-0.00386632,-0.00388393,-0.00390065,-0.00391649,-0.00393146,-0.00394557,-0.00395883,-0.00397125,-0.00398284,-0.00399359,-0.00400353,-0.00401265,-0.00402096,-0.00402846,-0.00403516,-0.00404106,-0.00404617,-0.00405049,-0.00405402,-0.00405676,-0.00405872,-0.0040599,-0.00406029,-0.0040599,-0.00405872,-0.00405676,-0.00405402,-0.00405049,-0.00404617,-0.00404106,-0.00403516,-0.00402846,-0.00402096,-0.00401265,-0.00400353,-0.00399359,-0.00398284,-0.00397125,-0.00395883,-0.00394557,-0.00393146,-0.00391649,-0.00390065,-0.00388393,-0.00386632,-0.00384782,-0.0038284,-0.00380806,-0.00378679,-0.00376456,-0.00374137,-0.00371721,-0.00369204,-0.00366586,-0.00363865,-0.0036104,-0.00358107,-0.00355065,-0.00351912,-0.00348645,-0.00345262,-0.0034176,-0.00338137,-0.0033439,-0.00330516,-0.0032651,-0.00322371,-0.00318094,-0.00313676,-0.00309112,-0.00304398,-0.0029953,-0.00294502,-0.00289309,-0.00283946,-0.00278406,-0.00272683,-0.0026677,-0.0026066,-0.00254343,-0.00247812,-0.00241056,-0.00234064,-0.00226826,-0.00219327,-0.00211554,-0.0020349,-0.00195118,-0.00186416,-0.00177361,-0.00167927,-0.00158082,-0.0014779,-0.00137005,-0.00125676,-0.00113735,-0.00101099,-0.000876585,-0.000732652,-0.000577102,-0.000406839,-0.000217045,0
0,-0.000303992,-0.000577102,-0.000825867,-0.0010551,-0.0012683,-0.00146802,-0.00165617,-0.00183422,-0.00200333,-0.00216443,-0.00231827,-0.00246548,-0.0026066,-0.00274208,-0.00287232,-0.00299765,-0.00311838,-0.00323478,-0.00334708,-0.00345549,-0.00356022,-0.00366143,-0.00375928,-0.00385391,-0.00394547,-0.00403407,-0.00411982,-0.00420284,-0.00428321,-0.00436103,-0.00443639,-0.00450936,-0.00458001,-0.00464841,-0.00471464,-0.00477875,-0.00484079,-0.00490083,-0.00495891,-0.00501508,-0.00506939,-0.00512188,-0.00517259,-0.00522156,-0.00526883,-0.00531443,-0.0053584,-0.00540076,-0.00544155,-0.0054808,-0.00551853,-0.00555476,-0.00558953,-0.00562285,-0.00565474,-0.00568524,-0.00571434,-0.00574209,-0.00576848,-0.00579355,-0.0058173,-0.00583974,-0.0058609,-0.00588079,-0.00589941,-0.00591677,-0.0059329,-0.0059478,-0.00596147,-0.00597393,-0.00598517,-0.00599522,-0.00600407,-0.00601173,-0.00601821,-0.0060235,-0.00602761,-0.00603055,-0.00603231,-0.0060329,-0.00603231,-0.00603055,-0.00602761,-0.0060235,-0.00601821,-0.00601173,-0.00600407,-0.00599522,-0.00598517,-0.00597393,-0.00596147,-0.0059478,-0.0059329,-0.00591677,-0.00589941,-0.00588079,-0.0058609,-0.00583974,-0.0058173,-0.00579355,-0.00576848,-0.00574209,-0.00571434,-0.00568524,-0.00565474,-0.00562285,-0.00558953,-0.00555476,-0.00551853,-0.0054808,-0.00544155,-0.00540076,-0.0053584,-0.00531443,-0.00526883,-0.00522156,-0.00517259,-0.00512188,-0.00506939,-0.00501508,-0.00495891,-0.00490083,-0.00484079,-0.00477875,-0.00471464,-0.00464841,-0.00458001,-0.00450936,-0.00443639,-0.00436103,-0.00428321,-0.00420284,-0.00411982,-0.00403407,-0.00394547,-0.00385391,-0.00375928,-0.00366143,-0.00356022,-0.00345549,-0.00334708,-0.00323478,-0.00311838,-0.00299765,-0.00287232,-0.00274208,-0.0026066,-0.00246548,-0.00231827,-0.00216443,-0.00200333,-0.00183422,-0.00165617,-0.00146802,-0.0012683,-0.0010551,-0.000825867,-0.000577102,-0.000303992,0
0,-0.000382761,-0.000732652,-0.0010551,-0.00135454,-0.00163445,-0.00189756,-0.00214603,-0.00238158,-0.00260558,-0.00281917,-0.00302329,-0.00321874,-0.00340618,-0.00358621,-0.00375932,-0.00392597,-0.00408653,-0.00424135,-0.00439075,-0.00453501,-0.00467437,-0.00480907,-0.00493931,-0.00506529,-0.00518717,-0.00530513,-0.00541931,-0.00552985,-0.00563688,-0.00574051,-0.00584086,-0.00593804,-0.00603214,-0.00612325,-0.00621146,-0.00629684,-0.00637949,-0.00645946,-0.00653682,-0.00661165,-0.006684,-0.00675392,-0.00682148,-0.00688672,-0.00694969,-0.00701045,-0.00706902,-0.00712546,-0.00717981,-0.00723209,-0.00728236,-0.00733063,-0.00737695,-0.00742135,-0.00746385,-0.00750447,-0.00754326,-0.00758023,-0.0076154,-0.00764879,-0.00768043,-0.00771034,-0.00773854,-0.00776503,-0.00778984,-0.00781298,-0.00783447,-0.00785432,-0.00787254,-0.00788913,-0.00790412,-0.00791751,-0.0079293,-0.00793951,-0.00794814,-0.00795519,-0.00796067,-0.00796459,-0.00796693,-0.00796771,-0.00796693,-0.00796459,-0.00796067,-0.00795519,-0.00794814,-0.00793951,-0.0079293,-0.00791751,-0.00790412,-0.00788913,-0.00787254,-0.00785432,-0.00783447,-0.00781298,-0.00778984,-0.00776503,-0.00773854,-0.00771034,-0.00768043,-0.00764879,-0.0076154,-0.00758023,-0.00754326,-0.00750447,-0.00746385,-0.00742135,-0.00737695,-0.00733063,-0.00728236,-0.00723209,-0.00717981,-0.00712546,-0.00706902,-0.00701045,-0.00694969,-0.00688672,-0.00682148,-0.00675392,-0.006684,-0.00661165,-0.00653682,-0.00645946,-0.00637949,-0.00629684,-0.00621146,-0.00612325,-0.00603214,-0.00593804,-0.00584086,-0.00574051,-0.00563688,-0.00552985,-0.00541931,-0.00530513,-0.00518717,-0.00506529,-0.00493931,-0.00480907,-0.00467437,-0.00453501,-0.00439075,-0.00424135,-0.00408653,-0.00392597,-0.00375932,-0.00358621,-0.00340618,-0.00321874,-0.00302329,-0.00281917,-0.00260558,-0.00238158,-0.00214603,-0.00189756,-0.00163445,-0.00135454,-0.0010551,-0.000732652,-0.000382761,0
0,-0.00045534,-0.000876585,-0.0012683,-0.00163445,-0.00197833,-0.0023027,-0.00260978,-0.00290144,-0.0031792,-0.00344434,-0.00369796,-0.00394096,-0.00417416,-0.00439823,-0.00461378,-0.00482134,-0.00502138,-0.00521433,-0.00540056,-0.0055804,-0.00575418,-0.00592216,-0.00608461,-0.00624175,-0.00639381,-0.00654098,-0.00668344,-0.00682138,-0.00695494,-0.00708428,-0.00720953,-0.00733082,-0.00744827,-0.007562,-0.00767211,-0.0077787,-0.00788188,-0.00798172,-0.00807831,-0.00817173,-0.00826206,-0.00834937,-0.00843372,-0.00851518,-0.00859381,-0.00866967,-0.00874282,-0.0088133,-0.00888116,-0.00894645,-0.00900922,-0.00906951,-0.00912736,-0.0091828,-0.00923587,-0.00928661,-0.00933505,-0.00938121,-0.00942513,-0.00946684,-0.00950636,-0.00954371,-0.00957893,-0.00961201,-0.009643,-0.00967191,-0.00969874,-0.00972353,-0.00974629,-0.00976702,-0.00978573,-0.00980246,-0.00981719,-0.00982994,-0.00984071,-0.00984952,-0.00985637,-0.00986125,-0.00986418,-0.00986516,-0.00986418,-0.00986125,-0.00985637,-0.00984952,-0.00984071,-0.00982994,-0.00981719,-0.00980246,-0.00978573,-0.00976702,-0.00974629,-0.00972353,-0.00969874,-0.00967191,-0.009643,-0.00961201,-0.00957893,-0.00954371,-0.00950636,-0.00946684,-0.00942513,-0.00938121,-0.00933505,-0.00928661,-0.00923587,-0.0091828,-0.00912736,-0.00906951,-0.00900922,-0.00894645,-0.00888116,-0.0088133,-0.00874282,-0.00866967,-0.00859381,-0.00851518,-0.00843372,-0.00834937,-0.00826206,-0.00817173,-0.00807831,-0.00798172,-0.00788188,-0.0077787,-0.00767211,-0.007562,-0.00744827,-0.00733082,-0.00720953,-0.00708428,-0.00695494,-0.00682138,-0.00668344,-0.00654098,-0.00639381,-0.00624175,-0.00608461,-0.00592216,-0.00575418,-0.0055804,-0.00540056,-0.00521433,-0.00502138,-0.00482134,-0.00461378,-0.00439823,-0.00417416,-0.00394096,-0.00369796,-0.00344434,-0.0031792,-0.00290144,-0.00260978,-0.0023027,-0.00197833,-0.00163445,-0.0012683,-0.000876585,-0.00045534,0
0,-0.000522955,-0.00101099,-0.00146802,-0.00189756,-0.0023027,-0.00268607,-0.00304992,-0.00339616,-0.00372639,-0.00404201,-0.0043442,-0.00463397,-0.00491223,-0.00517974,-0.0054372,-0.00568522,-0.00592433,-0.00615502,-0.00637774,-0.00659287,-0.00680078,-0.00700179,-0.00719621,-0.00738431,-0.00756634,-0.00774254,-0.00791313,-0.0080783,-0.00823825,-0.00839316,-0.00854318,-0.00868846,-0.00882916,-0.0089654,-0.00909732,-0.00922503,-0.00934864,-0.00946827,-0.00958401,-0.00969595,-0.00980419,-0.00990882,-0.0100099,-0.0101075,-0.0102018,-0.0102927,-0.0103803,-0.0104648,-0.0105461,-0.0106244,-0.0106996,-0.0107719,-0.0108412,-0.0109077,-0.0109713,-0.0110321,-0.0110902,-0.0111455,-0.0111982,-0.0112482,-0.0112955,-0.0113403,-0.0113825,-0.0114222,-0.0114593,-0.011494,-0.0115262,-0.0115559,-0.0115831,-0.011608,-0.0116304,-0.0116505,-0.0116681,-0.0116834,-0.0116963,-0.0117069,-0.0117151,-0.011721,-0.0117245,-0.0117257,-0.0117245,-0.011721,-0.0117151,-0.0117069,-0.0116963,-0.0116834,-0.0116681,-0.0116505,-0.0116304,-0.011608,-0.0115831,-0.0115559,-0.0115262,-0.011494,-0.0114593,-0.0114222,-0.0113825,-0.0113403,-0.0112955,-0.0112482,-0.0111982,-0.0111455,-0.0110902,-0.0110321,-0.0109713,-0.0109077,-0.0108412,-0.0107719,-0.0106996,-0.0106244,-0.0105461,-0.0104648,-0.0103803,-0.0102927,-0.0102018,-0.0101075,-0.0100099,-0.00990882,-0.00980419,-0.00969595,-0.00958401,-0.00946827,-0.00934864,-0.00922503,-0.00909732,-0.0089654,-0.00882916,-0.00868846,-0.00854318,-0.00839316,-0.00823825,-0.0080783,-0.00791313,-0.00774254,-0.00756634,-0.00738431,-0.00719621,-0.00700179,-0.00680078,-0.00659287,-0.00637774,-0.00615502,-0.00592433,-0.00568522,-0.0054372,-0.00517974,-0.00491223,-0.00463397,-0.0043442,-0.00404201,-0.00372639,-0.00339616,-0.00304992,-0.00268607,-0.0023027,-0.00189756,-0.00146802,-0.00101099,-0.000522955,0
0,-0.000586429,-0.00113735,-0.00165617,-0.00214603,-0.00260978,-0.00304992,-0.00346864,-0.00386784,-0.00424918,-0.00461409,-0.00496383,-0.00529949,-0.00562203,-0.0059323,-0.00623107,-0.006519,-0.00679669,-0.0070647,-0.00732351,-0.00757357,-0.00781529,-0.00804903,-0.00827515,-0.00849395,-0.00870573,-0.00891075,-0.00910926,-0.00930149,-0.00948766,-0.00966797,-0.0098426,-0.0100117,-0.0101756,-0.0103342,-0.0104878,-0.0106365,-0.0107805,-0.0109198,-0.0110546,-0.011185,-0.011311,-0.0114329,-0.0115506,-0.0116643,-0.0117741,-0.01188,-0.0119822,-0.0120806,-0.0121753,-0.0122665,-0.0123541,-0.0124383,-0.0125191,-0.0125965,-0.0126706,-0.0127415,-0.0128092,-0.0128736,-0.012935,-0.0129932,-0.0130484,-0.0131006,-0.0131498,-0.013196,-0.0132393,-0.0132797,-0.0133172,-0.0133518,-0.0133836,-0.0134125,-0.0134387,-0.013462,-0.0134826,-0.0135004,-0.0135155,-0.0135278,-0.0135373,-0.0135442,-0.0135483,-0.0135496,-0.0135483,-0.0135442,-0.0135373,-0.0135278,-0.0135155,-0.0135004,-0.0134826,-0.013462,-0.0134387,-0.0134125,-0.0133836,-0.0133518,-0.0133172,-0.0132797,-0.0132393,-0.013196,-0.0131498,-0.0131006,-0.0130484,-0.0129932,-0.012935,-0.0128736,-0.0128092,-0.0127415,-0.0126706,-0.0125965,-0.0125191,-0.0124383,-0.0123541,-0.0122665,-0.0121753,-0.0120806,-0.0119822,-0.01188,-0.0117741,-0.0116643,-0.0115506,-0.0114329,-0.011311,-0.011185,-0.0110546,-0.0109198,-0.0107805,-0.0106365,-0.0104878,-0.0103342,-0.0101756,-0.0100117,-0.0098426,-0.00966797,-0.00948766,-0.00930149,-0.00910926,-0.00891075,-0.00870573,-0.00849395,-0.00827515,-0.00804903,-0.00781529,-0.00757357,-0.00732351,-0.0070647,-0.00679669,-0.006519,-0.00623107,-0.0059323,-0.00562203,-0.00529949,-0.00496383,-0.00461409,-0.00424918,-0.00386784,-0.00346864,-0.00304992,-0.00260978,-0.00214603,-0.00165617,-0.00113735,-0.000586429,0
0,-0.000646355,-0.00125676,-0.00183422,-0.00238158,-0.00290144,-0.00339616,-0.00386784,-0.00431836,-0.00474937,-0.00516233,-0.00555853,-0.00593911,-0.00630509,-0.00665737,-0.00699677,-0.00732401,-0.00763975,-0.00794458,-0.00823905,-0.00852364,-0.0087988,-0.00906494,-0.00932244,-0.00957166,-0.00981292,-0.0100465,-0.0102727,-0.0104918,-0.010704,-0.0109095,-0.0111086,-0.0113014,-0.0114882,-0.0116691,-0.0118442,-0.0120138,-0.012178,-0.0123369,-0.0124906,-0.0126394,-0.0127832,-0.0129222,-0.0130565,-0.0131862,-0.0133115,-0.0134323,-0.0135488,-0.0136611,-0.0137692,-0.0138732,-0.0139732,-0.0140693,-0.0141614,-0.0142498,-0.0143344,-0.0144152,-0.0144924,-0.014566,-0.014636,-0.0147025,-0.0147655,-0.014825,-0.0148812,-0.0149339,-0.0149833,-0.0150294,-0.0150722,-0.0151117,-0.015148,-0.015181,-0.0152108,-0.0152375,-0.015261,-0.0152813,-0.0152985,-0.0153125,-0.0153235,-0.0153312,-0.0153359,-0.0153375,-0.0153359,-0.0153312,-0.0153235,-0.0153125,-0.0152985,-0.0152813,-0.015261,-0.0152375,-0.0152108,-0.015181,-0.015148,-0.0151117,-0.0150722,-0.0150294,-0.0149833,-0.0149339,-0.0148812,-0.014825,-0.0147655,-0.0147025,-0.014636,-0.014566,-0.0144924,-0.0144152,-0.0143344,-0.0142498,-0.0141614,-0.0140693,-0.0139732,-0.0138732,-0.0137692,-0.0136611,-0.0135488,-0.0134323,-0.0133115,-0.0131862,-0.0130565,-0.0129222,-0.0127832,-0.0126394,-0.0124906,-0.0123369,-0.012178,-0.0120138,-0.0118442,-0.0116691,-0.0114882,-0.0113014,-0.0111086,-0.0109095,-0.010704,-0.0104918,-0.0102727,-0.0100465,-0.00981292,-0.00957166,-0.00932244,-0.00906494,-0.0087988,-0.00852364,-0.00823905,-0.00794458,-0.00763975,-0.00732401,-0.00699677,-0.00665737,-0.00630509,-0.00593911,-0.00555853,-0.00516233,-0.00474937,-0.00431836,-0.00386784,-0.00339616,-0.00290144,-0.00238158,-0.00183422,-0.00125676,-0.000646355,0
0,-0.000703175,-0.00137005,-0.00200333,-0.00260558,-0.0031792,-0.00372639,-0.00424918,-0.00474937,-0.0052286,-0.00568831,-0.00612983,-0.00655433,-0.00696284,-0.00735633,-0.00773564,-0.00810155,-0.00845474,-0.00879586,-0.0091255,-0.00944416,-0.00975236,-0.0100505,-0.0103391,-0.0106184,-0.0108888,-0.0111507,-0.0114044,-0.01165,-0.011888,-0.0121186,-0.0123419,-0.0125583,-0.0127678,-0.0129708,-0.0131674,-0.0133577,-0.0135419,-0.0137203,-0.0138928,-0.0140598,-0.0142212,-0.0143773,-0.0145281,-0.0146737,-0.0148143,-0.01495,-0.0150808,-0.0152069,-0.0153283,-0.0154451,-0.0155574,-0.0156653,-0.0157688,-0.015868,-0.015963,-0.0160538,-0.0161405,-0.0162231,-0.0163018,-0.0163764,-0.0164472,-0.016514,-0.0165771,-0.0166363,-0.0166918,-0.0167436,-0.0167916,-0.016836,-0.0168768,-0.0169139,-0.0169474,-0.0169773,-0.0170037,-0.0170266,-0.0170459,-0.0170616,-0.0170739,-0.0170826,-0.0170879,-0.0170896,-0.0170879,-0.0170826,-0.0170739,-0.0170616,-0.0170459,-0.0170266,-0.0170037,-0.0169773,-0.0169474,-0.0169139,-0.0168768,-0.016836,-0.0167916,-0.0167436,-0.0166918,-0.0166363,-0.0165771,-0.016514,-0.0164472,-0.0163764,-0.0163018,-0.0162231,-0.0161405,-0.0160538,-0.015963,-0.015868,-0.0157688,-0.0156653,-0.0155574,-0.0154451,-0.0153283,-0.0152069,-0.0150808,-0.01495,-0.0148143,-0.0146737,-0.0145281,-0.0143773,-0.0142212,-0.0140598,-0.0138928,-0.0137203,-0.0135419,-0.0133577,-0.0131674,-0.0129708,-0.0127678,-0.0125583,-0.0123419,-0.0121186,-0.011888,-0.01165,-0.0114044,-0.0111507,-0.0108888,-0.0106184,-0.0103391,-0.0100505,-0.00975236,-0.00944416,-0.0091255,-0.00879586,-0.00845474,-0.00810155,-0.00773564,-0.00735633,-0.00696284,-0.00655433,-0.00612983,-0.00568831,-0.0052286,-0.00474937,-0.00424918,-0.00372639,-0.0031792,-0.00260558,-0.00200333,-0.00137005,-0.000703175,0
0,-0.000757235,-0.0014779,-0.00216443,-0.00281917,-0.00344434,-0.00404201,-0.00461409,-0.00516233,-0.00568831,-0.00619349,-0.00667917,-0.00714652,-0.00759664,-0.00803048,-0.00844894,-0.00885281,-0.00924283,-0.00961967,-0.00998395,-0.0103362,-0.010677,-0.0110068,-0.011326,-0.0116351,-0.0119344,-0.0122242,-0.0125051,-0.0127771,-0.0130406,-0.013296,-0.0135433,-0.013783,-0.0140151,-0.01424,-0.0144578,-0.0146687,-0.0148729,-0.0150706,-0.0152618,-0.0154468,-0.0156258,-0.0157988,-0.0159659,-0.0161274,-0.0162833,-0.0164337,-0.0165787,-0.0167185,-0.0168531,-0.0169827,-0.0171072,-0.0172268,-0.0173416,-0.0174516,-0.017557,-0.0176577,-0.0177538,-0.0178455,-0.0179327,-0.0180155,-0.0180939,-0.0181681,-0.018238,-0.0183037,-0.0183653,-0.0184227,-0.018476,-0.0185252,-0.0185704,-0.0186116,-0.0186488,-0.018682,-0.0187112,-0.0187366,-0.018758,-0.0187755,-0.0187891,-0.0187988,-0.0188046,-0.0188065,-0.0188046,-0.0187988,-0.0187891,-0.0187755,-0.018758,-0.0187366,-0.0187112,-0.018682,-0.0186488,-0.0186116,-0.0185704,-0.0185252,-0.018476,-0.0184227,-0.0183653,-0.0183037,-0.018238,-0.0181681,-0.0180939,-0.0180155,-0.0179327,-0.0178455,-0.0177538,-0.0176577,-0.017557,-0.0174516,-0.0173416,-0.0172268,-0.0171072,-0.0169827,-0.0168531,-0.0167185,-0.0165787,-0.0164337,-0.0162833,-0.0161274,-0.0159659,-0.0157988,-0.0156258,-0.0154468,-0.0152618,-0.0150706,-0.0148729,-0.0146687,-0.0144578,-0.01424,-0.0140151,-0.013783,-0.0135433,-0.013296,-0.0130406,-0.0127771,-0.0125051,-0.0122242,-0.0119344,-0.0116351,-0.011326,-0.0110068,-0.010677,-0.0103362,-0.00998395,-0.00961967,-0.00924283,-0.00885281,-0.00844894,-0.00803048,-0.00759664,-0.00714652,-0.00667917,-0.00619349,-0.00568831,-0.00516233,-0.00461409,-0.00404201,-0.00344434,-0.00281917,-0.00216443,-0.0014779,-0.000757235,0
0,-0.000808811,-0.00158082,-0.00231827,-0.00302329,-0.00369796,-0.0043442,-0.00496383,-0.00555853,-0.00612983,-0.00667917,-0.00720782,-0.00771698,-0.00820772,-0.00868105,-0.00913785,-0.00957897,-0.0100051,-0.0104171,-0.0108155,-0.0112008,-0.0115737,-0.0119347,-0.0122842,-0.0126226,-0.0129504,-0.013268,-0.0135756,-0.0138737,-0.0141625,-0.0144424,-0.0147136,-0.0149763,-0.0152309,-0.0154775,-0.0157163,-0.0159476,-0.0161716,-0.0163884,-0.0165982,-0.0168012,-0.0169975,-0.0171873,-0.0173707,-0.0175479,-0.0177189,-0.017884,-0.0180431,-0.0181965,-0.0183443,-0.0184864,-0.0186231,-0.0187544,-0.0188804,-0.0190011,-0.0191168,-0.0192273,-0.0193328,-0.0194335,-0.0195292,-0.0196201,-0.0197062,-0.0197876,-0.0198644,-0.0199365,-0.0200041,-0.0200671,-0.0201256,-0.0201797,-0.0202293,-0.0202745,-0.0203153,-0.0203518,-0.0203839,-0.0204117,-0.0204352,-0.0204544,-0.0204694,-0.02048,-0.0204864,-0.0204885,-0.0204864,-0.02048,-0.0204694,-0.0204544,-0.0204352,-0.0204117,-0.0203839,-0.0203518,-0.0203153,-0.0202745,-0.0202293,-0.0201797,-0.0201256,-0.0200671,-0.0200041,-0.0199365,-0.0198644,-0.0197876,-0.0197062,-0.0196201,-0.0195292,-0.0194335,-0.0193328,-0.0192273,-0.0191168,-0.0190011,-0.0188804,-0.0187544,-0.0186231,-0.0184864,-0.0183443,-0.0181965,-0.0180431,-0.017884,-0.0177189,-0.0175479,-0.0173707,-0.0171873,-0.0169975,-0.0168012,-0.0165982,-0.0163884,-0.0161716,-0.0159476,-0.0157163,-0.0154775,-0.0152309,-0.0149763,-0.0147136,-0.0144424,-0.0141625,-0.0138737,-0.0135756,-0.013268,-0.0129504,-0.0126226,-0.0122842,-0.0119347,-0.0115737,-0.0112008,-0.0108155,-0.0104171,-0.0100051,-0.00957897,-0.00913785,-0.00868105,-0.00820772,-0.00771698,-0.00720782,-0.00667917,-0.00612983,-0.00555853,-0.00496383,-0.0043442,-0.00369796,-0.00302329,-0.00231827,-0.00158082,-0.000808811,0
0,-0.00085813,-0.00167927,-0.00246548,-0.00321874,-0.00394096,-0.00463397,-0.00529949,-0.00593911,-0.00655433,-0.00714652,-0.00771698,-0.00826686,-0.00879726,-0.00930916,-0.0098035,-0.0102811,-0.0107427,-0.0111892,-0.011621,-0.0120389,-0.0124434,-0.0128351,-0.0132144,-0.0135818,-0.0139378,-0.0142827,-0.0146169,-0.0149407,-0.0152545,-0.0155587,-0.0158534,-0.016139,-0.0164157,-0.0166838,-0.0169435,-0.017195,-0.0174386,-0.0176744,-0.0179026,-0.0181233,-0.0183369,-0.0185433,-0.0187429,-0.0189356,-0.0191217,-0.0193013,-0.0194745,-0.0196414,-0.0198022,-0.0199569,-0.0201056,-0.0202485,-0.0203856,-0.0205171,-0.0206429,-0.0207632,-0.0208781,-0.0209876,-0.0210918,-0.0211907,-0.0212845,-0.0213731,-0.0214567,-0.0215352,-0.0216087,-0.0216773,-0.021741,-0.0217999,-0.0218539,-0.0219031,-0.0219475,-0.0219872,-0.0220222,-0.0220525,-0.0220781,-0.022099,-0.0221152,-0.0221268,-0.0221338,-0.0221361,-0.0221338,-0.0221268,-0.0221152,-0.022099,-0.0220781,-0.0220525,-0.0220222,-0.0219872,-0.0219475,-0.0219031,-0.0218539,-0.0217999,-0.021741,-0.0216773,-0.0216087,-0.0215352,-0.0214567,-0.0213731,-0.0212845,-0.0211907,-0.0210918,-0.0209876,-0.0208781,-0.0207632,-0.0206429,-0.0205171,-0.0203856,-0.0202485,-0.0201056,-0.0199569,-0.0198022,-0.0196414,-0.0194745,-0.0193013,-0.0191217,-0.0189356,-0.0187429,-0.0185433,-0.0183369,-0.0181233,-0.0179026,-0.0176744,-0.0174386,-0.017195,-0.0169435,-0.0166838,-0.0164157,-0.016139,-0.0158534,-0.0155587,-0.0152545,-0.0149407,-0.0146169,-0.0142827,-0.0139378,-0.0135818,-0.0132144,-0.0128351,-0.0124434,-0.0120389,-0.011621,-0.0111892,-0.0107427,-0.0102811,-0.0098035,-0.00930916,-0.00879726,-0.00826686,-0.00771698,-0.00714652,-0.00655433,-0.00593911,-0.00529949,-0.00463397,-0.00394096,-0.00321874,-0.00246548,-0.00167927,-0.00085813,0
0,-0.00090538,-0.00177361,-0.0026066,-0.00340618,-0.00417416,-0.00491223,-0.00562203,-0.00630509,-0.00696284,-0.00759664,-0.00820772,-0.00879726,-0.00936632,-0.00991589,-0.0104469,-0.0109602,-0.0114566,-0.0119369,-0.0124016,-0.0128515,-0.0132871,-0.013709,-0.0141177,-0.0145137,-0.0148974,-0.0152692,-0.0156296,-0.0159788,-0.0163174,-0.0166455,-0.0169635,-0.0172717,-0.0175703,-0.0178597,-0.0181401,-0.0184116,-0.0186745,-0.0189291,-0.0191755,-0.019414,-0.0196446,-0.0198676,-0.0200831,-0.0202913,-0.0204923,-0.0206863,-0.0208734,-0.0210537,-0.0212274,-0.0213946,-0.0215553,-0.0217096,-0.0218578,-0.0219998,-0.0221358,-0.0222658,-0.02239,-0.0225083,-0.0226209,-0.0227278,-0.0228292,-0.0229249,-0.0230153,-0.0231001,-0.0231796,-0.0232538,-0.0233226,-0.0233862,-0.0234446,-0.0234978,-0.0235458,-0.0235887,-0.0236265,-0.0236592,-0.0236869,-0.0237095,-0.0237271,-0.0237396,-0.0237471,-0.0237496,-0.0237471,-0.0237396,-0.0237271,-0.0237095,-0.0236869,-0.0236592,-0.0236265,-0.0235887,-0.0235458,-0.0234978,-0.0234446,-0.0233862,-0.0233226,-0.0232538,-0.0231796,-0.0231001,-0.0230153,-0.0229249,-0.0228292,-0.0227278,-0.0226209,-0.0225083,-0.02239,-0.0222658,-0.0221358,-0.0219998,-0.0218578,-0.0217096,-0.0215553,-0.0213946,-0.0212274,-0.0210537,-0.0208734,-0.0206863,-0.0204923,-0.0202913,-0.0200831,-0.0198676,-0.0196446,-0.019414,-0.0191755,-0.0189291,-0.0186745,-0.0184116,-0.0181401,-0.0178597,-0.0175703,-0.0172717,-0.0169635,-0.0166455,-0.0163174,-0.0159788,-0.0156296,-0.0152692,-0.0148974,-0.0145137,-0.0141177,-0.013709,-0.0132871,-0.0128515,-0.0124016,-0.0119369,-0.0114566,-0.0109602,-0.0104469,-0.00991589,-0.00936632,-0.00879726,-0.00820772,-0.00759664,-0.00696284,-0.00630509,-0.00562203,-0.00491223,-0.00417416,-0.00340618,-0.0026066,-0.00177361,-0.00090538,0
0,-0.000950721,-0.00186416,-0.00274208,-0.00358621,-0.00439823,-0.00517974,-0.0059323,-0.00665737,-0.00735633,-0.00803048,-0.00868105,-0.00930916,-0.00991589,-0.0105022,-0.0110691,-0.0116173,-0.0121478,-0.0126612,-0.0131582,-0.0136394,-0.0141056,-0.0145572,-0.0149948,-0.0154189,-0.0158299,-0.0162283,-0.0166145,-0.0169889,-0.0173518,-0.0177036,-0.0180446,-0.0183751,-0.0186954,-0.0190059,-0.0193066,-0.0195979,-0.0198801,-0.0201533,-0.0204177,-0.0206736,-0.0209211,-0.0211605,-0.0213918,-0.0216154,-0.0218312,-0.0220395,-0.0222403,-0.022434,-0.0226205,-0.0227999,-0.0229725,-0.0231383,-0.0232974,-0.0234499,-0.023596,-0.0237356,-0.023869,-0.0239961,-0.024117,-0.0242319,-0.0243407,-0.0244436,-0.0245406,-0.0246318,-0.0247171,-0.0247968,-0.0248708,-0.0249391,-0.0250018,-0.0250589,-0.0251105,-0.0251566,-0.0251972,-0.0252324,-0.0252621,-0.0252864,-0.0253053,-0.0253187,-0.0253268,-0.0253295,-0.0253268,-0.0253187,-0.0253053,-0.0252864,-0.0252621,-0.0252324,-0.0251972,-0.0251566,-0.0251105,-0.0250589,-0.0250018,-0.0249391,-0.0248708,-0.0247968,-0.0247171,-0.0246318,-0.0245406,-0.0244436,-0.0243407,-0.0242319,-0.024117,-0.0239961,-0.023869,-0.0237356,-0.023596,-0.0234499,-0.0232974,-0.0231383,-0.0229725,-0.0227999,-0.0226205,-0.022434,-0.0222403,-0.0220395,-0.0218312,-0.0216154,-0.0213918,-0.0211605,-0.0209211,-0.0206736,-0.0204177,-0.0201533,-0.0198801,-0.0195979,-0.0193066,-0.0190059,-0.0186954,-0.0183751,-0.0180446,-0.0177036,-0.0173518,-0.0169889,-0.0166145,-0.0162283,-0.0158299,-0.0154189,-0.0149948,-0.0145572,-0.0141056,-0.0136394,-0.0131582,-0.0126612,-0.0121478,-0.0116173,-0.0110691,-0.0105022,-0.00991589,-0.00930916,-0.00868105,-0.00803048,-0.00735633,-0.00665737,-0.0059323,-0.00517974,-0.00439823,-0.00358621,-0.00274208,-0.00186416,-0.000950721,0
0,-0.000994289,-0.00195118,-0.00287232,-0.00375932,-0.00461378,-0.0054372,-0.00623107,-0.00699677,-0.00773564,-0.00844894,-0.00913785,-0.0098035,-0.0104469,-0.0110691,-0.0116709,-0.0122533,-0.0128171,-0.0133629,-0.0138915,-0.0144036,-0.0148998,-0.0153806,-0.0158466,-0.0162983,-0.0167363,-0.0171608,-0.0175725,-0.0179716,-0.0183585,-0.0187337,-0.0190974,-0.0194499,-0.0197917,-0.0201229,-0.0204438,-0.0207547,-0.0210558,-0.0213474,-0.0216297,-0.0219029,-0.0221671,-0.0224227,-0.0226697,-0.0229084,-0.0231389,-0.0233613,-0.0235758,-0.0237826,-0.0239818,-0.0241735,-0.0243579,-0.024535,-0.0247049,-0.0248679,-0.0250239,-0.0251731,-0.0253155,-0.0254513,-0.0255805,-0.0257033,-0.0258196,-0.0259295,-0.0260331,-0.0261306,-0.0262218,-0.0263069,-0.0263859,-0.0264589,-0.026526,-0.026587,-0.0266422,-0.0266914,-0.0267348,-0.0267724,-0.0268041,-0.0268301,-0.0268502,-0.0268646,-0.0268733,-0.0268762,-0.0268733,-0.0268646,-0.0268502,-0.0268301,-0.0268041,-0.0267724,-0.0267348,-0.0266914,-0.0266422,-0.026587,-0.026526,-0.0264589,-0.0263859,-0.0263069,-0.0262218,-0.0261306,-0.0260331,-0.0259295,-0.0258196,-0.0257033,-0.0255805,-0.0254513,-0.0253155,-0.0251731,-0.0250239,-0.0248679,-0.0247049,-0.024535,-0.0243579,-0.0241735,-0.0239818,-0.0237826,-0.0235758,-0.0233613,-0.0231389,-0.0229084,-0.0226697,-0.0224227,-0.0221671,-0.0219029,-0.0216297,-0.0213474,-0.0210558,-0.0207547,-0.0204438,-0.0201229,-0.0197917,-0.0194499,-0.0190974,-0.0187337,-0.0183585,-0.0179716,-0.0175725,-0.0171608,-0.0167363,-0.0162983,-0.0158466,-0.0153806,-0.0148998,-0.0144036,-0.0138915,-0.0133629,-0.0128171,-0.0122533,-0.0116709,-0.0110691,-0.0104469,-0.0098035,-0.00913785,-0.00844894,-0.00773564,-0.00699677,-0.00623107,-0.0054372,-0.00461378,-0.00375932,-0.00287232,-0.00195118,-0.000994289,0
0,-0.0010362,-0.0020349,-0.00299765,-0.00392597,-0.00482134,-0.00568522,-0.006519,-0.00732401,-0.00810155,-0.00885281,-0.00957897,-0.0102811,-0.0109602,-0.0116173,-0.0122533,-0.0128691,-0.0134654,-0.0140429,-0.0146025,-0.0151448,-0.0156704,-0.0161799,-0.0166738,-0.0171527,-0.0176171,-0.0180674,-0.0185041,-0.0189276,-0.0193382,-0.0197364,-0.0201225,-0.0204968,-0.0208597,-0.0212114,-0.0215522,-0.0218824,-0.0222023,-0.0225121,-0.022812,-0.0231023,-0.0233831,-0.0236547,-0.0239172,-0.0241709,-0.0244159,-0.0246523,-0.0248804,-0.0251002,-0.025312,-0.0255158,-0.0257118,-0.0259001,-0.0260808,-0.0262541,-0.02642,-0.0265786,-0.0267301,-0.0268745,-0.0270119,-0.0271424,-0.0272661,-0.0273831,-0.0274933,-0.0275969,-0.0276939,-0.0277845,-0.0278685,-0.0279462,-0.0280175,-0.0280824,-0.0281411,-0.0281935,-0.0282396,-0.0282796,-0.0283133,-0.028341,-0.0283624,-0.0283777,-0.0283869,-0.02839,-0.0283869,-0.0283777,-0.0283624,-0.028341,-0.0283133,-0.0282796,-0.0282396,-0.0281935,-0.0281411,-0.0280824,-0.0280175,-0.0279462,-0.0278685,-0.0277845,-0.0276939,-0.0275969,-0.0274933,-0.0273831,-0.0272661,-0.0271424,-0.0270119,-0.0268745,-0.0267301,-0.0265786,-0.02642,-0.0262541,-0.0260808,-0.0259001,-0.0257118,-0.0255158,-0.025312,-0.0251002,-0.0248804,-0.0246523,-0.0244159,-0.0241709,-0.0239172,-0.0236547,-0.0233831,-0.0231023,-0.022812,-0.0225121,-0.0222023,-0.0218824,-0.0215522,-0.0212114,-0.0208597,-0.0204968,-0.0201225,-0.0197364,-0.0193382,-0.0189276,-0.0185041,-0.0180674,-0.0176171,-0.0171527,-0.0166738,-0.0161799,-0.0156704,-0.0151448,-0.0146025,-0.0140429,-0.0134654,-0.0128691,-0.0122533,-0.0116173,-0.0109602,-0.0102811,-0.00957897,-0.00885281,-0.00810155,-0.00732401,-0.006519,-0.00568522,-0.00482134,-0.00392597,-0.00299765,-0.0020349,-0.0010362,0
0,-0.00107657,-0.00211554,-0.00311838,-0.00408653,-0.00502138,-0.00592433,-0.00679669,-0.00763975,-0.00845474,-0.00924283,-0.0100051,-0.0107427,-0.0114566,-0.0121478,-0.0128171,-0.0134654,-0.0140934,-0.0147021,-0.015292,-0.0158638,-0.0164183,-0.0169559,-0.0174772,-0.0179828,-0.0184732,-0.0189488,-0.0194101,-0.0198576,-0.0202916,-0.0207124,-0.0211206,-0.0215163,-0.0219001,-0.022272,-0.0226325,-0.0229818,-0.0233202,-0.023648,-0.0239653,-0.0242725,-0.0245696,-0.0248571,-0.0251349,-0.0254034,-0.0256627,-0.025913,-0.0261545,-0.0263872,-0.0266114,-0.0268272,-0.0270348,-0.0272342,-0.0274255,-0.027609,-0.0277847,-0.0279527,-0.0281131,-0.0282661,-0.0284116,-0.0285499,-0.0286809,-0.0288047,-0.0289215,-0.0290312,-0.029134,-0.0292299,-0.029319,-0.0294012,-0.0294767,-0.0295455,-0.0296077,-0.0296632,-0.0297121,-0.0297544,-0.0297902,-0.0298194,-0.0298422,-0.0298584,-0.0298681,-0.0298714,-0.0298681,-0.0298584,-0.0298422,-0.0298194,-0.0297902,-0.0297544,-0.0297121,-0.0296632,-0.0296077,-0.0295455,-0.0294767,-0.0294012,-0.029319,-0.0292299,-0.029134,-0.0290312,-0.0289215,-0.0288047,-0.0286809,-0.0285499,-0.0284116,-0.0282661,-0.0281131,-0.0279527,-0.0277847,-0.027609,-0.0274255,-0.0272342,-0.0270348,-0.0268272,-0.0266114,-0.0263872,-0.0261545,-0.025913,-0.0256627,-0.0254034,-0.0251349,-0.0248571,-0.0245696,-0.0242725,-0.0239653,-0.023648,-0.0233202,-0.0229818,-0.0226325,-0.022272,-0.0219001,-0.0215163,-0.0211206,-0.0207124,-0.0202916,-0.0198576,-0.0194101,-0.0189488,-0.0184732,-0.0179828,-0.0174772,-0.0169559,-0.0164183,-0.0158638,-0.015292,-0.0147021,-0.0140934,-0.0134654,-0.0128171,-0.0121478,-0.0114566,-0.0107427,-0.0100051,-0.00924283,-0.00845474,-0.00763975,-0.00679669,-0.00592433,-0.00502138,-0.00408653,-0.00311838,-0.00211554,-0.00107657,0
0,-0.00111547,-0.00219327,-0.00323478,-0.00424135,-0.00521433,-0.00615502,-0.0070647,-0.00794458,-0.00879586,-0.00961967,-0.0104171,-0.0111892,-0.0119369,-0.0126612,-0.0133629,-0.0140429,-0.0147021,-0.0153411,-0.0159606,-0.0165614,-0.0171441,-0.0177093,-0.0182575,-0.0187893,-0.0193052,-0.0198057,-0.0202913,-0.0207623,-0.0212192,-0.0216624,-0.0220923,-0.0225092,-0.0229134,-0.0233054,-0.0236852,-0.0240534,-0.0244101,-0.0247555,-0.0250901,-0.0254139,-0.0257273,-0.0260303,-0.0263233,-0.0266065,-0.02688,-0.027144,-0.0273986,-0.0276442,-0.0278807,-0.0281083,-0.0283273,-0.0285376,-0.0287396,-0.0289331,-0.0291185,-0.0292958,-0.0294651,-0.0296265,-0.0297801,-0.029926,-0.0300642,-0.0301949,-0.0303181,-0.030434,-0.0305424,-0.0306437,-0.0307376,-0.0308245,-0.0309042,-0.0309768,-0.0310424,-0.0311009,-0.0311526,-0.0311972,-0.031235,-0.0312659,-0.0312899,-0.031307,-0.0313173,-0.0313207,-0.0313173,-0.031307,-0.0312899,-0.0312659,-0.031235,-0.0311972,-0.0311526,-0.0311009,-0.0310424,-0.0309768,-0.0309042,-0.0308245,-0.0307376,-0.0306437,-0.0305424,-0.030434,-0.0303181,-0.0301949,-0.0300642,-0.029926,-0.0297801,-0.0296265,-0.0294651,-0.0292958,-0.0291185,-0.0289331,-0.0287396,-0.0285376,-0.0283273,-0.0281083,-0.0278807,-0.0276442,-0.0273986,-0.027144,-0.02688,-0.0266065,-0.0263233,-0.0260303,-0.0257273,-0.0254139,-0.0250901,-0.0247555,-0.0244101,-0.0240534,-0.0236852,-0.0233054,-0.0229134,-0.0225092,-0.0220923,-0.0216624,-0.0212192,-0.0207623,-0.0202913,-0.0198057,-0.0193052,-0.0187893,-0.0182575,-0.0177093,-0.0171441,-0.0165614,-0.0159606,-0.0153411,-0.0147021,-0.0140429,-0.0133629,-0.0126612,-0.0119369,-0.0111892,-0.0104171,-0.00961967,-0.00879586,-0.00794458,-0.0070647,-0.00615502,-0.00521433,-0.00424135,-0.00323478,-0.00219327,-0.00111547,0
0,-0.001153,-0.00226826,-0.00334708,-0.00439075,-0.00540056,-0.00637774,-0.00732351,-0.00823905,-0.0091255,-0.00998395,-0.0108155,-0.011621,-0.0124016,-0.0131582,-0.0138915,-0.0146025,-0.015292,-0.0159606,-0.0166092,-0.0172383,-0.0178487,-0.0184408,-0.0190154,-0.0195729,-0.0201139,-0.0206388,-0.0211481,-0.0216424,-0.0221219,-0.022587,-0.0230383,-0.023476,-0.0239005,-0.024312,-0.024711,-0.0250977,-0.0254724,-0.0258354,-0.0261869,-0.0265272,-0.0268565,-0.027175,-0.027483,-0.0277806,-0.0280681,-0.0283456,-0.0286134,-0.0288715,-0.0291202,-0.0293595,-0.0295898,-0.029811,-0.0300233,-0.0302269,-0.0304219,-0.0306083,-0.0307864,-0.0309561,-0.0311177,-0.0312711,-0.0314165,-0.031554,-0.0316837,-0.0318055,-0.0319196,-0.0320261,-0.032125,-0.0322163,-0.0323001,-0.0323765,-0.0324455,-0.0325072,-0.0325615,-0.0326085,-0.0326482,-0.0326807,-0.0327059,-0.032724,-0.0327348,-0.0327384,-0.0327348,-0.032724,-0.0327059,-0.0326807,-0.0326482,-0.0326085,-0.0325615,-0.0325072,-0.0324455,-0.0323765,-0.0323001,-0.0322163,-0.032125,-0.0320261,-0.0319196,-0.0318055,-0.0316837,-0.031554,-0.0314165,-0.0312711,-0.0311177,-0.0309561,-0.0307864,-0.0306083,-0.0304219,-0.0302269,-0.0300233,-0.029811,-0.0295898,-0.0293595,-0.0291202,-0.0288715,-0.0286134,-0.0283456,-0.0280681,-0.0277806,-0.027483,-0.027175,-0.0268565,-0.0265272,-0.0261869,-0.0258354,-0.0254724,-0.0250977,-0.024711,-0.024312,-0.0239005,-0.023476,-0.0230383,-0.022587,-0.0221219,-0.0216424,-0.0211481,-0.0206388,-0.0201139,-0.0195729,-0.0190154,-0.0184408,-0.0178487,-0.0172383,-0.0166092,-0.0159606,-0.015292,-0.0146025,-0.0138915,-0.0131582,-0.0124016,-0.011621,-0.0108155,-0.00998395,-0.0091255,-0.00823905,-0.00732351,-0.00637774,-0.00540056,-0.00439075,-0.00334708,-0.00226826,-0.001153,0
0,-0.00118923,-0.00234064,-0.00345549,-0.00453501,-0.0055804,-0.00659287,-0.00757357,-0.00852364,-0.00944416,-0.0103362,-0.0112008,-0.0120389,-0.0128515,-0.0136394,-0.0144036,-0.0151448,-0.0158638,-0.0165614,-0.0172383,-0.0178951,-0.0185325,-0.0191511,-0.0197515,-0.0203342,-0.0208998,-0.0214487,-0.0219814,-0.0224984,-0.023,-0.0234868,-0.0239591,-0.0244173,-0.0248616,-0.0252926,-0.0257104,-0.0261154,-0.0265078,-0.026888,-0.0272563,-0.0276128,-0.0279578,-0.0282916,-0.0286143,-0.0289262,-0.0292276,-0.0295184,-0.0297991,-0.0300697,-0.0303304,-0.0305813,-0.0308227,-0.0310546,-0.0312773,-0.0314908,-0.0316952,-0.0318907,-0.0320774,-0.0322554,-0.0324249,-0.0325858,-0.0327383,-0.0328825,-0.0330185,-0.0331463,-0.033266,-0.0333776,-0.0334813,-0.0335771,-0.0336651,-0.0337452,-0.0338176,-0.0338823,-0.0339392,-0.0339885,-0.0340302,-0.0340643,-0.0340908,-0.0341097,-0.034121,-0.0341248,-0.034121,-0.0341097,-0.0340908,-0.0340643,-0.0340302,-0.0339885,-0.0339392,-0.0338823,-0.0338176,-0.0337452,-0.0336651,-0.0335771,-0.0334813,-0.0333776,-0.033266,-0.0331463,-0.0330185,-0.0328825,-0.0327383,-0.0325858,-0.0324249,-0.0322554,-0.0320774,-0.0318907,-0.0316952,-0.0314908,-0.0312773,-0.0310546,-0.0308227,-0.0305813,-0.0303304,-0.0300697,-0.0297991,-0.0295184,-0.0292276,-0.0289262,-0.0286143,-0.0282916,-0.0279578,-0.0276128,-0.0272563,-0.026888,-0.0265078,-0.0261154,-0.0257104,-0.0252926,-0.0248616,-0.0244173,-0.0239591,-0.0234868,-0.023,-0.0224984,-0.0219814,-0.0214487,-0.0208998,-0.0203342,-0.0197515,-0.0191511,-0.0185325,-0.0178951,-0.0172383,-0.0165614,-0.0158638,-0.0151448,-0.0144036,-0.0136394,-0.0128515,-0.0120389,-0.0112008,-0.0103362,-0.00944416,-0.00852364,-0.00757357,-0.00659287,-0.0055804,-0.00453501,-0.00345549,-0.00234064,-0.00118923,0
0,-0.00122421,-0.00241056,-0.00356022,-0.00467437,-0.00575418,-0.00680078,-0.00781529,-0.0087988,-0.00975236,-0.010677,-0.0115737,-0.0124434,-0.0132871,-0.0141056,-0.0148998,-0.0156704,-0.0164183,-0.0171441,-0.0178487,-0.0185325,-0.0191964,-0.0198409,-0.0204665,-0.0210739,-0.0216636,-0.022236,-0.0227916,-0.0233309,-0.0238544,-0.0243624,-0.0248554,-0.0253337,-0.0257976,-0.0262476,-0.0266839,-0.0271069,-0.0275168,-0.027914,-0.0282987,-0.0286712,-0.0290318,-0.0293806,-0.0297179,-0.0300439,-0.0303589,-0.0306629,-0.0309563,-0.0312392,-0.0315118,-0.0317741,-0.0320265,-0.0322691,-0.0325019,-0.0327251,-0.0329389,-0.0331434,-0.0333387,-0.0335249,-0.0337021,-0.0338704,-0.0340299,-0.0341807,-0.034323,-0.0344566,-0.0345819,-0.0346987,-0.0348072,-0.0349074,-0.0349994,-0.0350832,-0.035159,-0.0352266,-0.0352862,-0.0353378,-0.0353814,-0.035417,-0.0354447,-0.0354645,-0.0354764,-0.0354803,-0.0354764,-0.0354645,-0.0354447,-0.035417,-0.0353814,-0.0353378,-0.0352862,-0.0352266,-0.035159,-0.0350832,-0.0349994,-0.0349074,-0.0348072,-0.0346987,-0.0345819,-0.0344566,-0.034323,-0.0341807,-0.0340299,-0.0338704,-0.0337021,-0.0335249,-0.0333387,-0.0331434,-0.0329389,-0.0327251,-0.0325019,-0.0322691,-0.0320265,-0.0317741,-0.0315118,-0.0312392,-0.0309563,-0.0306629,-0.0303589,-0.0300439,-0.0297179,-0.0293806,-0.0290318,-0.0286712,-0.0282987,-0.027914,-0.0275168,-0.0271069,-0.0266839,-0.0262476,-0.0257976,-0.0253337,-0.0248554,-0.0243624,-0.0238544,-0.0233309,-0.0227916,-0.022236,-0.0216636,-0.0210739,-0.0204665,-0.0198409,-0.0191964,-0.0185325,-0.0178487,-0.0171441,-0.0164183,-0.0156704,-0.0148998,-0.0141056,-0.0132871,-0.0124434,-0.0115737,-0.010677,-0.00975236,-0.0087988,-0.00781529,-0.00680078,-0.00575418,-0.00467437,-0.00356022,-0.00241056,-0.00122421,0
0,-0.00125802,-0.00247812,-0.00366143,-0.00480907,-0.00592216,-0.00700179,-0.00804903,-0.00906494,-0.0100505,-0.0110068,-0.0119347,-0.0128351,-0.013709,-0.0145572,-0.0153806,-0.0161799,-0.0169559,-0.0177093,-0.0184408,-0.0191511,-0.0198409,-0.0205107,-0.021161,-0.0217926,-0.0224058,-0.0230013,-0.0235794,-0.0241407,-0.0246855,-0.0252144,-0.0257276,-0.0262257,-0.0267089,-0.0271776,-0.0276321,-0.0280728,-0.0285,-0.0289139,-0.0293148,-0.0297031,-0.0300789,-0.0304425,-0.0307942,-0.0311341,-0.0314625,-0.0317796,-0.0320855,-0.0323805,-0.0326648,-0.0329385,-0.0332017,-0.0334547,-0.0336976,-0.0339304,-0.0341535,-0.0343668,-0.0345705,-0.0347648,-0.0349497,-0.0351253,-0.0352918,-0.0354492,-0.0355975,-0.035737,-0.0358677,-0.0359896,-0.0361028,-0.0362074,-0.0363034,-0.0363909,-0.03647,-0.0365405,-0.0366027,-0.0366566,-0.0367021,-0.0367393,-0.0367682,-0.0367888,-0.0368012,-0.0368053,-0.0368012,-0.0367888,-0.0367682,-0.0367393,-0.0367021,-0.0366566,-0.0366027,-0.0365405,-0.03647,-0.0363909,-0.0363034,-0.0362074,-0.0361028,-0.0359896,-0.0358677,-0.035737,-0.0355975,-0.0354492,-0.0352918,-0.0351253,-0.0349497,-0.0347648,-0.0345705,-0.0343668,-0.0341535,-0.0339304,-0.0336976,-0.0334547,-0.0332017,-0.0329385,-0.0326648,-0.0323805,-0.0320855,-0.0317796,-0.0314625,-0.0311341,-0.0307942,-0.0304425,-0.0300789,-0.0297031,-0.0293148,-0.0289139,-0.0285,-0.0280728,-0.0276321,-0.0271776,-0.0267089,-0.0262257,-0.0257276,-0.0252144,-0.0246855,-0.0241407,-0.0235794,-0.0230013,-0.0224058,-0.0217926,-0.021161,-0.0205107,-0.0198409,-0.0191511,-0.0184408,-0.0177093,-0.0169559,-0.0161799,-0.0153806,-0.0145572,-0.013709,-0.0128351,-0.0119347,-0.0110068,-0.0100505,-0.00906494,-0.00804903,-0.00700179,-0.00592216,-0.00480907,-0.00366143,-0.00247812,-0.00125802,0
