1.89466e-27,0,0,0,0,0,0,0,0,0,0,0,0,0,0,0,0,0,0,0,0,0,0,0,0,0,0,0,0,0,0,0,0,0,0,0,0,0,0,0,0,0,0,0,0,0,0,0,0,0,0,0,0,0,0,0,0,0,0,0,0,0,0,0,0,0,0,0,0,0,0,0,0,0,0,0,0,0,0,0,0,0,0,0,0,0,0,0,0,0,0,0,0,0,0,0,0,0,0,0,0,0,0,0,0,0,0,0,0,0,0,0,0,0,0,0,0,0,0,0,0,0,0,0,0,0,0,0,0,0,0,0,0,0,0,0,0,0,0,0,0,0,0,0,0,0,0,0,0,0,0,0,0,0,0,0,0,0,0,0,0
0,-0.000118936,-0.00021834,-0.000305935,-0.00038535,-0.000458574,-0.000526833,-0.00059095,-0.000651517,-0.000708976,-0.000763672,-0.000815883,-0.000865833,-0.000913712,-0.000959678,-0.00100387,-0.0010464,-0.00108738,-0.0011269,-0.00116503,-0.00120186,-0.00123744,-0.00127184,-0.00130511,-0.00133729,-0.00136844,-0.00139859,-0.00142778,-0.00145605,-0.00148344,-0.00150996,-0.00153564,-0.00156053,-0.00158463,-0.00160797,-0.00163058,-0.00165247,-0.00167367,-0.00169418,-0.00171403,-0.00173324,-0.00175182,-0.00176978,-0.00178713,-0.0018039,-0.00182009,-0.00183571,-0.00185077,-0.00186529,-0.00187928,-0.00189274,-0.00190568,-0.00191811,-0.00193005,-0.00194148,-0.00195244,-0.00196291,-0.00197291,-0.00198244,-0.00199151,-0.00200013,-0.0020083,-0.00201601,-0.00202329,-0.00203013,-0.00203654,-0.00204251,-0.00204806,-0.00205319,-0.0020579,-0.00206219,-0.00206606,-0.00206952,-0.00207257,-0.00207521,-0.00207744,-0.00207926,-0.00208068,-0.00208169,-0.0020823,-0.0020825,-0.0020823,-0.00208169,-0.00208068,-0.00207926,-0.00207744,-0.00207521,-0.00207258,-0.00206953,-0.00206607,-0.0020622,-0.00205791,-0.0020532,-0.00204808,-0.00204253,-0.00203655,-0.00203015,-0.00202331,-0.00201603,-0.00200831,-0.00200015,-0.00199154,-0.00198246,-0.00197293,-0.00196293,-0.00195246,-0.00194151,-0.00193007,-0.00191814,-0.00190571,-0.00189277,-0.00187931,-0.00186532,-0.0018508,-0.00183574,-0.00182012,-0.00180393,-0.00178716,-0.00176981,-0.00175185,-0.00173327,-0.00171406,-0.00169421,-0.0016737,-0.0016525,-0.00163061,-0.001608,-0.00158466,-0.00156056,-0.00153567,-0.00150999,-0.00148346,-0.00145608,-0.00142781,-0.00139862,-0.00136847,-0.00133732,-0.00130513,-0.00127186,-0.00123747,-0.00120188,-0.00116506,-0.00112692,-0.0010874,-0.00104642,-0.00100389,-0.000959697,-0.00091373,-0.00086585,-0.000815899,-0.000763687,-0.000708989,-0.000651529,-0.000590961,-0.000526842,-0.000458582,-0.000385356,-0.00030594,-0.000218344,-0.000118937,7.57864e-28
0,-0.00021834,-0.000409429,-0.000580986,-0.000737829,-0.000883052,-0.00101875,-0.00114639,-0.00126708,-0.00138165,-0.00149077,-0.00159496,-0.00169468,-0.00179028,-0.00188207,-0.00197033,-0.0020553,-0.00213716,-0.00221611,-0.00229231,-0.0023659,-0.00243701,-0.00250575,-0.00257223,-0.00263656,-0.00269881,-0.00275908,-0.00281743,-0.00287394,-0.00292867,-0.00298169,-0.00303304,-0.00308278,-0.00313096,-0.00317762,-0.00322282,-0.00326658,-0.00330895,-0.00334997,-0.00338966,-0.00342805,-0.00346519,-0.0035011,-0.0035358,-0.00356932,-0.00360168,-0.00363291,-0.00366304,-0.00369207,-0.00372003,-0.00374694,-0.00377281,-0.00379767,-0.00382153,-0.0038444,-0.0038663,-0.00388724,-0.00390723,-0.00392629,-0.00394443,-0.00396166,-0.00397798,-0.00399342,-0.00400797,-0.00402164,-0.00403445,-0.0040464,-0.0040575,-0.00406775,-0.00407716,-0.00408573,-0.00409348,-0.00410039,-0.00410649,-0.00411177,-0.00411623,-0.00411987,-0.0041227,-0.00412473,-0.00412594,-0.00412635,-0.00412594,-0.00412473,-0.00412271,-0.00411988,-0.00411624,-0.00411178,-0.0041065,-0.00410041,-0.0040935,-0.00408575,-0.00407718,-0.00406777,-0.00405752,-0.00404643,-0.00403448,-0.00402167,-0.004008,-0.00399345,-0.00397802,-0.0039617,-0.00394447,-0.00392633,-0.00390728,-0.00388728,-0.00386634,-0.00384445,-0.00382158,-0.00379772,-0.00377287,-0.00374699,-0.00372008,-0.00369212,-0.00366309,-0.00363297,-0.00360174,-0.00356938,-0.00353586,-0.00350116,-0.00346525,-0.00342811,-0.00338972,-0.00335003,-0.00330901,-0.00326664,-0.00322288,-0.00317769,-0.00313102,-0.00308284,-0.0030331,-0.00298175,-0.00292873,-0.002874,-0.00281749,-0.00275914,-0.00269887,-0.00263661,-0.00257229,-0.0025058,-0.00243706,-0.00236595,-0.00229236,-0.00221616,-0.00213721,-0.00205534,-0.00197037,-0.00188211,-0.00179031,-0.00169471,-0.001595,-0.0014908,-0.00138168,-0.0012671,-0.00114641,-0.00101876,-0.000883068,-0.000737842,-0.000580996,-0.000409435,-0.000218344,1.51573e-27
0,-0.000305935,-0.000580986,-0.000831691,-0.00106287,-0.001278,-0.00147965,-0.00166972,-0.0018497,-0.00202072,-0.00218373,-0.00233947,-0.00248858,-0.00263158,-0.00276894,-0.00290104,-0.00302823,-0.0031508,-0.00326903,-0.00338315,-0.00349336,-0.00359988,-0.00370286,-0.00380246,-0.00389884,-0.00399212,-0.00408243,-0.00416987,-0.00425455,-0.00433657,-0.00441602,-0.00449298,-0.00456753,-0.00463975,-0.00470969,-0.00477743,-0.00484303,-0.00490654,-0.00496802,-0.00502752,-0.00508508,-0.00514075,-0.00519457,-0.00524659,-0.00529684,-0.00534536,-0.00539218,-0.00543734,-0.00548086,-0.00552278,-0.00556312,-0.00560191,-0.00563918,-0.00567495,-0.00570924,-0.00574207,-0.00577346,-0.00580344,-0.00583201,-0.00585921,-0.00588503,-0.00590951,-0.00593265,-0.00595446,-0.00597497,-0.00599417,-0.00601209,-0.00602873,-0.0060441,-0.00605821,-0.00607106,-0.00608267,-0.00609304,-0.00610218,-0.00611009,-0.00611678,-0.00612224,-0.00612649,-0.00612953,-0.00613135,-0.00613195,-0.00613135,-0.00612953,-0.0061265,-0.00612226,-0.00611679,-0.00611011,-0.00610221,-0.00609307,-0.0060827,-0.00607109,-0.00605824,-0.00604413,-0.00602877,-0.00601213,-0.00599422,-0.00597502,-0.00595452,-0.0059327,-0.00590957,-0.00588509,-0.00585927,-0.00583208,-0.0058035,-0.00577353,-0.00574214,-0.00570931,-0.00567502,-0.00563926,-0.00560199,-0.0055632,-0.00552286,-0.00548094,-0.00543742,-0.00539227,-0.00534545,-0.00529693,-0.00524668,-0.00519466,-0.00514084,-0.00508517,-0.00502761,-0.00496811,-0.00490663,-0.00484312,-0.00477753,-0.00470979,-0.00463984,-0.00456763,-0.00449307,-0.00441611,-0.00433666,-0.00425464,-0.00416995,-0.00408251,-0.0039922,-0.00389892,-0.00380254,-0.00370294,-0.00359995,-0.00349344,-0.00338322,-0.0032691,-0.00315087,-0.00302829,-0.0029011,-0.002769,-0.00263164,-0.00248863,-0.00233952,-0.00218377,-0.00202077,-0.00184973,-0.00166976,-0.00147967,-0.00127802,-0.00106288,-0.000831706,-0.000580996,-0.00030594,2.27359e-27
0,-0.00038535,-0.000737829,-0.00106287,-0.00136488,-0.00164737,-0.00191306,-0.0021641,-0.00240221,-0.00262876,-0.00284489,-0.00305155,-0.00324952,-0.00343948,-0.00362201,-0.00379761,-0.00396672,-0.00412974,-0.004287,-0.00443882,-0.00458548,-0.00472723,-0.00486429,-0.00499687,-0.00512517,-0.00524935,-0.00536958,-0.00548601,-0.00559877,-0.00570799,-0.0058138,-0.00591629,-0.00601558,-0.00611176,-0.00620492,-0.00629515,-0.00638252,-0.00646712,-0.00654901,-0.00662826,-0.00670494,-0.0067791,-0.00685081,-0.0069201,-0.00698705,-0.00705169,-0.00711406,-0.00717423,-0.00723221,-0.00728806,-0.00734181,-0.00739349,-0.00744315,-0.0074908,-0.00753649,-0.00758023,-0.00762206,-0.007662,-0.00770007,-0.00773631,-0.00777072,-0.00780333,-0.00783416,-0.00786323,-0.00789055,-0.00791614,-0.00794002,-0.00796218,-0.00798266,-0.00800146,-0.00801859,-0.00803406,-0.00804788,-0.00806006,-0.0080706,-0.00807951,-0.00808679,-0.00809245,-0.0080965,-0.00809892,-0.00809973,-0.00809893,-0.00809651,-0.00809247,-0.00808681,-0.00807953,-0.00807063,-0.00806009,-0.00804792,-0.0080341,-0.00801864,-0.00800151,-0.00798271,-0.00796224,-0.00794007,-0.0079162,-0.00789062,-0.0078633,-0.00783424,-0.00780341,-0.0077708,-0.00773639,-0.00770016,-0.00766209,-0.00762215,-0.00758032,-0.00753658,-0.0074909,-0.00744325,-0.0073936,-0.00734192,-0.00728817,-0.00723232,-0.00717434,-0.00711418,-0.0070518,-0.00698717,-0.00692022,-0.00685093,-0.00677922,-0.00670506,-0.00662838,-0.00654913,-0.00646724,-0.00638264,-0.00629527,-0.00620504,-0.00611188,-0.0060157,-0.00591641,-0.00581392,-0.00570811,-0.00559889,-0.00548613,-0.0053697,-0.00524946,-0.00512528,-0.00499698,-0.00486439,-0.00472733,-0.00458558,-0.00443892,-0.00428709,-0.00412982,-0.0039668,-0.00379769,-0.00362208,-0.00343955,-0.00324959,-0.00305161,-0.00284495,-0.00262881,-0.00240225,-0.00216414,-0.0019131,-0.0016474,-0.00136491,-0.00106289,-0.000737842,-0.000385357,3.03146e-27
0,-0.000458574,-0.000883052,-0.001278,-0.00164737,-0.00199448,-0.00232206,-0.00263235,-0.00292721,-0.00320816,-0.00347648,-0.00373326,-0.00397942,-0.00421575,-0.00444295,-0.0046616,-0.00487225,-0.00507536,-0.00527136,-0.00546061,-0.00564346,-0.00582021,-0.00599114,-0.00615651,-0.00631656,-0.00647148,-0.00662149,-0.00676677,-0.00690748,-0.00704379,-0.00717583,-0.00730376,-0.00742768,-0.00754774,-0.00766403,-0.00777666,-0.00788574,-0.00799135,-0.00809359,-0.00819254,-0.00828828,-0.00838087,-0.0084704,-0.00855693,-0.00864052,-0.00872123,-0.00879912,-0.00887425,-0.00894666,-0.0090164,-0.00908352,-0.00914806,-0.00921007,-0.00926958,-0.00932664,-0.00938127,-0.0094335,-0.00948338,-0.00953094,-0.00957619,-0.00961917,-0.0096599,-0.0096984,-0.00973471,-0.00976883,-0.00980079,-0.00983061,-0.0098583,-0.00988387,-0.00990735,-0.00992875,-0.00994807,-0.00996533,-0.00998054,-0.00999371,-0.0100048,-0.0100139,-0.010021,-0.010026,-0.0100291,-0.0100301,-0.0100291,-0.0100261,-0.010021,-0.010014,-0.0100049,-0.00999374,-0.00998058,-0.00996537,-0.00994812,-0.0099288,-0.00990741,-0.00988394,-0.00985836,-0.00983068,-0.00980087,-0.00976891,-0.00973479,-0.00969849,-0.00965999,-0.00961927,-0.00957629,-0.00953104,-0.0094835,-0.00943362,-0.00938138,-0.00932676,-0.00926971,-0.0092102,-0.00914819,-0.00908365,-0.00901654,-0.0089468,-0.00887439,-0.00879927,-0.00872138,-0.00864067,-0.00855708,-0.00847055,-0.00838102,-0.00828843,-0.00819269,-0.00809375,-0.00799151,-0.00788589,-0.00777682,-0.00766418,-0.00754789,-0.00742783,-0.00730391,-0.00717598,-0.00704393,-0.00690763,-0.00676691,-0.00662163,-0.00647162,-0.00631669,-0.00615665,-0.00599127,-0.00582034,-0.00564358,-0.00546073,-0.00527147,-0.00507548,-0.00487236,-0.0046617,-0.00444304,-0.00421584,-0.00397951,-0.00373334,-0.00347655,-0.00320822,-0.00292727,-0.00263241,-0.00232211,-0.00199452,-0.0016474,-0.00127802,-0.000883069,-0.000458582,3.78932e-27
0,-0.000526833,-0.00101875,-0.00147965,-0.00191306,-0.00232206,-0.00270929,-0.00307699,-0.00342706,-0.00376112,-0.00408055,-0.00438654,-0.00468009,-0.00496211,-0.00523337,-0.00549455,-0.00574627,-0.00598906,-0.00622341,-0.00644975,-0.00666848,-0.00687996,-0.00708451,-0.00728244,-0.00747401,-0.00765949,-0.00783909,-0.00801305,-0.00818155,-0.0083448,-0.00850295,-0.00865617,-0.00880462,-0.00894844,-0.00908775,-0.0092227,-0.00935338,-0.00947993,-0.00960243,-0.00972099,-0.00983571,-0.00994667,-0.010054,-0.0101577,-0.0102578,-0.0103546,-0.0104479,-0.010538,-0.0106247,-0.0107083,-0.0107888,-0.0108661,-0.0109405,-0.0110118,-0.0110802,-0.0111457,-0.0112083,-0.0112681,-0.0113251,-0.0113793,-0.0114308,-0.0114797,-0.0115258,-0.0115693,-0.0116102,-0.0116486,-0.0116843,-0.0117175,-0.0117481,-0.0117763,-0.0118019,-0.0118251,-0.0118458,-0.011864,-0.0118798,-0.0118932,-0.0119041,-0.0119125,-0.0119186,-0.0119222,-0.0119234,-0.0119222,-0.0119186,-0.0119126,-0.0119041,-0.0118932,-0.0118799,-0.0118641,-0.0118459,-0.0118252,-0.011802,-0.0117764,-0.0117482,-0.0117176,-0.0116844,-0.0116486,-0.0116103,-0.0115694,-0.0115259,-0.0114798,-0.011431,-0.0113794,-0.0113252,-0.0112682,-0.0112084,-0.0111458,-0.0110803,-0.0110119,-0.0109406,-0.0108663,-0.0107889,-0.0107085,-0.0106249,-0.0105381,-0.0104481,-0.0103547,-0.010258,-0.0101578,-0.0100541,-0.00994685,-0.00983589,-0.00972118,-0.00960261,-0.00948011,-0.00935357,-0.00922288,-0.00908794,-0.00894862,-0.0088048,-0.00865635,-0.00850313,-0.00834497,-0.00818173,-0.00801322,-0.00783926,-0.00765965,-0.00747418,-0.0072826,-0.00708467,-0.00688011,-0.00666863,-0.00644989,-0.00622355,-0.00598919,-0.0057464,-0.00549468,-0.00523349,-0.00496222,-0.00468019,-0.00438663,-0.00408064,-0.0037612,-0.00342713,-0.00307705,-0.00270934,-0.00232211,-0.0019131,-0.00147968,-0.00101877,-0.000526843,4.54719e-27
0,-0.00059095,-0.00114639,-0.00166972,-0.0021641,-0.00263235,-0.00307699,-0.00350019,-0.00390387,-0.00428967,-0.00465902,-0.00501318,-0.00535325,-0.00568018,-0.00599482,-0.00629792,-0.00659017,-0.00687215,-0.00714442,-0.00740746,-0.00766171,-0.00790759,-0.00814547,-0.00837567,-0.00859853,-0.00881431,-0.0090233,-0.00922574,-0.00942185,-0.00961185,-0.00979595,-0.00997433,-0.0101472,-0.0103146,-0.0104768,-0.0106339,-0.0107861,-0.0109335,-0.0110762,-0.0112143,-0.0113479,-0.0114771,-0.0116021,-0.0117229,-0.0118396,-0.0119522,-0.012061,-0.0121659,-0.012267,-0.0123644,-0.0124581,-0.0125482,-0.0126348,-0.0127179,-0.0127976,-0.0128739,-0.0129468,-0.0130165,-0.0130829,-0.0131461,-0.0132062,-0.0132631,-0.0133168,-0.0133676,-0.0134152,-0.0134599,-0.0135015,-0.0135402,-0.0135759,-0.0136087,-0.0136386,-0.0136656,-0.0136897,-0.013711,-0.0137293,-0.0137449,-0.0137576,-0.0137675,-0.0137745,-0.0137788,-0.0137802,-0.0137788,-0.0137745,-0.0137675,-0.0137576,-0.0137449,-0.0137294,-0.013711,-0.0136898,-0.0136657,-0.0136387,-0.0136088,-0.013576,-0.0135403,-0.0135016,-0.01346,-0.0134153,-0.0133677,-0.013317,-0.0132632,-0.0132063,-0.0131463,-0.0130831,-0.0130167,-0.012947,-0.0128741,-0.0127978,-0.0127181,-0.012635,-0.0125484,-0.0124583,-0.0123646,-0.0122672,-0.0121661,-0.0120612,-0.0119524,-0.0118398,-0.0117231,-0.0116023,-0.0114773,-0.0113481,-0.0112145,-0.0110764,-0.0109337,-0.0107863,-0.0106342,-0.010477,-0.0103148,-0.0101474,-0.00997453,-0.00979616,-0.00961206,-0.00942205,-0.00922594,-0.0090235,-0.00881451,-0.00859872,-0.00837586,-0.00814565,-0.00790777,-0.00766188,-0.00740762,-0.00714458,-0.0068723,-0.00659031,-0.00629806,-0.00599495,-0.0056803,-0.00535337,-0.0050133,-0.00465912,-0.00428976,-0.00390395,-0.00350027,-0.00307705,-0.00263241,-0.00216415,-0.00166976,-0.00114641,-0.000590962,5.30505e-27
0,-0.000651517,-0.00126708,-0.0018497,-0.00240221,-0.00292721,-0.00342706,-0.00390387,-0.00435949,-0.0047956,-0.00521363,-0.00561488,-0.00600049,-0.00637148,-0.00672875,-0.0070731,-0.00740527,-0.00772591,-0.0080356,-0.0083349,-0.00862427,-0.00890419,-0.00917504,-0.00943722,-0.00969106,-0.0099369,-0.010175,-0.0104057,-0.0106292,-0.0108458,-0.0110556,-0.011259,-0.011456,-0.011647,-0.0118319,-0.0120111,-0.0121847,-0.0123527,-0.0125155,-0.012673,-0.0128254,-0.0129728,-0.0131154,-0.0132531,-0.0133863,-0.0135148,-0.0136389,-0.0137586,-0.0138739,-0.013985,-0.014092,-0.0141948,-0.0142936,-0.0143885,-0.0144794,-0.0145664,-0.0146497,-0.0147292,-0.014805,-0.0148771,-0.0149456,-0.0150105,-0.0150719,-0.0151298,-0.0151842,-0.0152351,-0.0152827,-0.0153268,-0.0153676,-0.015405,-0.0154391,-0.0154699,-0.0154975,-0.0155217,-0.0155427,-0.0155604,-0.015575,-0.0155862,-0.0155943,-0.0155991,-0.0156007,-0.0155991,-0.0155943,-0.0155862,-0.015575,-0.0155605,-0.0155428,-0.0155218,-0.0154975,-0.01547,-0.0154392,-0.0154051,-0.0153677,-0.0153269,-0.0152828,-0.0152353,-0.0151843,-0.0151299,-0.0150721,-0.0150107,-0.0149458,-0.0148773,-0.0148052,-0.0147294,-0.0146499,-0.0145666,-0.0144796,-0.0143887,-0.0142938,-0.014195,-0.0140922,-0.0139852,-0.0138741,-0.0137588,-0.0136391,-0.0135151,-0.0133865,-0.0132534,-0.0131156,-0.012973,-0.0128256,-0.0126732,-0.0125157,-0.012353,-0.0121849,-0.0120114,-0.0118322,-0.0116472,-0.0114563,-0.0112592,-0.0110559,-0.010846,-0.0106294,-0.0104059,-0.0101752,-0.00993712,-0.00969128,-0.00943743,-0.00917525,-0.00890439,-0.00862447,-0.00833509,-0.00803579,-0.00772608,-0.00740544,-0.00707326,-0.0067289,-0.00637163,-0.00600063,-0.00561501,-0.00521374,-0.0047957,-0.00435959,-0.00390395,-0.00342713,-0.00292727,-0.00240226,-0.00184974,-0.00126711,-0.00065153,6.06291e-27
0,-0.000708976,-0.00138165,-0.00202072,-0.00262876,-0.00320816,-0.00376112,-0.00428967,-0.0047956,-0.00528054,-0.00574596,-0.00619316,-0.00662331,-0.00703746,-0.00743654,-0.00782142,-0.00819287,-0.00855156,-0.00889815,-0.00923321,-0.00955726,-0.00987079,-0.0101743,-0.0104681,-0.0107526,-0.0110282,-0.0112951,-0.0115538,-0.0118045,-0.0120474,-0.0122828,-0.0125109,-0.012732,-0.0129462,-0.0131538,-0.0133549,-0.0135497,-0.0137383,-0.0139209,-0.0140977,-0.0142688,-0.0144343,-0.0145944,-0.0147491,-0.0148985,-0.0150429,-0.0151822,-0.0153165,-0.0154461,-0.0155708,-0.0156909,-0.0158064,-0.0159174,-0.0160239,-0.016126,-0.0162238,-0.0163173,-0.0164066,-0.0164917,-0.0165727,-0.0166496,-0.0167226,-0.0167915,-0.0168565,-0.0169176,-0.0169748,-0.0170282,-0.0170778,-0.0171236,-0.0171657,-0.017204,-0.0172386,-0.0172695,-0.0172967,-0.0173203,-0.0173402,-0.0173565,-0.0173692,-0.0173782,-0.0173837,-0.0173855,-0.0173837,-0.0173782,-0.0173692,-0.0173566,-0.0173403,-0.0173204,-0.0172968,-0.0172696,-0.0172387,-0.0172041,-0.0171658,-0.0171237,-0.0170779,-0.0170283,-0.016975,-0.0169177,-0.0168567,-0.0167917,-0.0167227,-0.0166498,-0.0165729,-0.0164919,-0.0164068,-0.0163175,-0.016224,-0.0161262,-0.0160241,-0.0159176,-0.0158067,-0.0156912,-0.0155711,-0.0154463,-0.0153168,-0.0151824,-0.0150431,-0.0148988,-0.0147493,-0.0145946,-0.0144346,-0.0142691,-0.014098,-0.0139212,-0.0137386,-0.0135499,-0.0133552,-0.0131541,-0.0129465,-0.0127323,-0.0125112,-0.0122831,-0.0120477,-0.0118047,-0.0115541,-0.0112954,-0.0110284,-0.0107528,-0.0104683,-0.0101745,-0.00987102,-0.00955748,-0.00923342,-0.00889836,-0.00855176,-0.00819305,-0.00782161,-0.00743672,-0.00703762,-0.00662346,-0.0061933,-0.00574609,-0.00528066,-0.0047957,-0.00428976,-0.00376121,-0.00320823,-0.00262882,-0.00202077,-0.00138168,-0.000708991,6.82078e-27
0,-0.000763672,-0.00149077,-0.00218373,-0.00284489,-0.00347648,-0.00408055,-0.00465902,-0.00521363,-0.00574596,-0.00625746,-0.00674944,-0.00722308,-0.00767944,-0.0081195,-0.00854414,-0.00895416,-0.00935028,-0.00973319,-0.0101035,-0.0104617,-0.0108084,-0.0111441,-0.0114691,-0.011784,-0.012089,-0.0123845,-0.0126709,-0.0129485,-0.0132175,-0.0134782,-0.0137309,-0.0139758,-0.0142131,-0.0144431,-0.0146659,-0.0148818,-0.0150908,-0.0152933,-0.0154892,-0.0156788,-0.0158623,-0.0160397,-0.0162112,-0.0163769,-0.0165369,-0.0166914,-0.0168404,-0.016984,-0.0171223,-0.0172555,-0.0173836,-0.0175066,-0.0176247,-0.0177379,-0.0178464,-0.0179501,-0.0180491,-0.0181435,-0.0182333,-0.0183187,-0.0183995,-0.018476,-0.0185481,-0.0186159,-0.0186793,-0.0187386,-0.0187936,-0.0188444,-0.018891,-0.0189335,-0.0189719,-0.0190062,-0.0190364,-0.0190625,-0.0190846,-0.0191027,-0.0191168,-0.0191268,-0.0191328,-0.0191348,-0.0191328,-0.0191268,-0.0191168,-0.0191028,-0.0190847,-0.0190626,-0.0190365,-0.0190063,-0.018972,-0.0189336,-0.0188911,-0.0188445,-0.0187937,-0.0187387,-0.0186795,-0.018616,-0.0185483,-0.0184762,-0.0183997,-0.0183189,-0.0182335,-0.0181437,-0.0180493,-0.0179503,-0.0178466,-0.0177382,-0.0176249,-0.0175069,-0.0173838,-0.0172558,-0.0171226,-0.0169843,-0.0168406,-0.0166917,-0.0165372,-0.0163772,-0.0162115,-0.01604,-0.0158626,-0.0156791,-0.0154895,-0.0152936,-0.0150911,-0.0148821,-0.0146662,-0.0144434,-0.0142134,-0.0139761,-0.0137312,-0.0134785,-0.0132178,-0.0129488,-0.0126712,-0.0123848,-0.0120893,-0.0117842,-0.0114694,-0.0111444,-0.0108087,-0.010462,-0.0101037,-0.00973342,-0.0093505,-0.00895437,-0.00854434,-0.00811969,-0.00767962,-0.00722325,-0.0067496,-0.00625761,-0.00574609,-0.00521375,-0.00465913,-0.00408065,-0.00347656,-0.00284496,-0.00218378,-0.0014908,-0.000763689,7.57864e-27
0,-0.000815883,-0.00159496,-0.00233947,-0.00305155,-0.00373326,-0.00438654,-0.00501318,-0.00561488,-0.00619316,-0.00674944,-0.00728502,-0.00780107,-0.00829868,-0.00877884,-0.00924243,-0.0096903,-0.0101232,-0.0105418,-0.0109468,-0.0113387,-0.0117181,-0.0120855,-0.0124414,-0.0127862,-0.0131203,-0.013444,-0.0137578,-0.014062,-0.0143568,-0.0146426,-0.0149196,-0.0151881,-0.0154484,-0.0157006,-0.0159449,-0.0161817,-0.016411,-0.016633,-0.016848,-0.017056,-0.0172573,-0.0174519,-0.0176401,-0.0178219,-0.0179975,-0.018167,-0.0183305,-0.0184881,-0.01864,-0.0187861,-0.0189267,-0.0190617,-0.0191914,-0.0193157,-0.0194347,-0.0195485,-0.0196572,-0.0197608,-0.0198595,-0.0199532,-0.0200419,-0.0201259,-0.020205,-0.0202794,-0.0203491,-0.0204141,-0.0204745,-0.0205303,-0.0205815,-0.0206282,-0.0206703,-0.0207079,-0.0207411,-0.0207698,-0.0207941,-0.0208139,-0.0208294,-0.0208404,-0.020847,-0.0208492,-0.020847,-0.0208404,-0.0208294,-0.020814,-0.0207942,-0.0207699,-0.0207412,-0.020708,-0.0206704,-0.0206283,-0.0205816,-0.0205304,-0.0204747,-0.0204143,-0.0203493,-0.0202796,-0.0202052,-0.0201261,-0.0200422,-0.0199534,-0.0198597,-0.0197611,-0.0196575,-0.0195488,-0.0194349,-0.0193159,-0.0191917,-0.019062,-0.018927,-0.0187864,-0.0186403,-0.0184884,-0.0183308,-0.0181673,-0.0179979,-0.0178223,-0.0176404,-0.0174523,-0.0172576,-0.0170563,-0.0168483,-0.0166333,-0.0164113,-0.016182,-0.0159453,-0.0157009,-0.0154487,-0.0151885,-0.01492,-0.0146429,-0.0143571,-0.0140623,-0.0137581,-0.0134443,-0.0131206,-0.0127865,-0.0124417,-0.0120858,-0.0117184,-0.011339,-0.010947,-0.010542,-0.0101234,-0.00969053,-0.00924265,-0.00877905,-0.00829888,-0.00780126,-0.00728519,-0.0067496,-0.00619331,-0.00561501,-0.0050133,-0.00438664,-0.00373335,-0.00305162,-0.00233952,-0.001595,-0.000815901,3.03222e-26
0,-0.000865833,-0.00169468,-0.00248858,-0.00324952,-0.00397942,-0.00468009,-0.00535325,-0.00600049,-0.00662331,-0.00722308,-0.00780107,-0.00835847,-0.00889634,-0.00941569,-0.00991741,-0.0104024,-0.0108713,-0.011325,-0.0117641,-0.0121891,-0.0126007,-0.0129994,-0.0133857,-0.01376,-0.0141228,-0.0144745,-0.0148153,-0.0151458,-0.0154662,-0.0157767,-0.0160778,-0.0163697,-0.0166526,-0.0169268,-0.0171925,-0.01745,-0.0176993,-0.0179408,-0.0181747,-0.0184009,-0.0186199,-0.0188317,-0.0190364,-0.0192342,-0.0194252,-0.0196097,-0.0197876,-0.0199591,-0.0201243,-0.0202834,-0.0204363,-0.0205833,-0.0207244,-0.0208597,-0.0209892,-0.0211131,-0.0212314,-0.0213442,-0.0214516,-0.0215535,-0.0216502,-0.0217416,-0.0218277,-0.0219087,-0.0219846,-0.0220553,-0.0221211,-0.0221818,-0.0222375,-0.0222883,-0.0223342,-0.0223752,-0.0224113,-0.0224426,-0.022469,-0.0224906,-0.0225074,-0.0225194,-0.0225266,-0.022529,-0.0225266,-0.0225194,-0.0225074,-0.0224906,-0.0224691,-0.0224426,-0.0224114,-0.0223753,-0.0223343,-0.0222885,-0.0222377,-0.0221819,-0.0221212,-0.0220555,-0.0219848,-0.0219089,-0.0218279,-0.0217418,-0.0216504,-0.0215538,-0.0214518,-0.0213445,-0.0212317,-0.0211134,-0.0209895,-0.02086,-0.0207247,-0.0205836,-0.0204366,-0.0202837,-0.0201246,-0.0199594,-0.0197879,-0.01961,-0.0194256,-0.0192345,-0.0190367,-0.018832,-0.0186203,-0.0184013,-0.018175,-0.0179412,-0.0176997,-0.0174503,-0.0171929,-0.0169272,-0.016653,-0.0163701,-0.0160782,-0.0157771,-0.0154665,-0.0151461,-0.0148157,-0.0144748,-0.0141231,-0.0137604,-0.013386,-0.0129997,-0.012601,-0.0121894,-0.0117643,-0.0113253,-0.0108716,-0.0104026,-0.00991765,-0.00941591,-0.00889656,-0.00835867,-0.00780126,-0.00722325,-0.00662347,-0.00600064,-0.00535338,-0.0046802,-0.00397951,-0.0032496,-0.00248864,-0.00169472,-0.000865853,9.09437e-27
0,-0.000913712,-0.00179028,-0.00263158,-0.00343948,-0.00421575,-0.00496211,-0.00568018,-0.00637148,-0.00703746,-0.00767944,-0.00829868,-0.00889634,-0.00947348,-0.0100311,-0.0105701,-0.0110914,-0.0115957,-0.0120838,-0.0125563,-0.013014,-0.0134572,-0.0138867,-0.014303,-0.0147064,-0.0150975,-0.0154766,-0.0158442,-0.0162007,-0.0165463,-0.0168814,-0.0172063,-0.0175213,-0.0178266,-0.0181226,-0.0184094,-0.0186873,-0.0189566,-0.0192174,-0.0194698,-0.0197142,-0.0199507,-0.0201794,-0.0204005,-0.0206142,-0.0208206,-0.0210198,-0.021212,-0.0213973,-0.0215758,-0.0217477,-0.021913,-0.0220718,-0.0222242,-0.0223704,-0.0225104,-0.0226443,-0.0227721,-0.022894,-0.0230101,-0.0231203,-0.0232247,-0.0233235,-0.0234166,-0.0235041,-0.0235861,-0.0236626,-0.0237337,-0.0237993,-0.0238595,-0.0239144,-0.023964,-0.0240083,-0.0240474,-0.0240812,-0.0241097,-0.0241331,-0.0241512,-0.0241642,-0.0241719,-0.0241745,-0.024172,-0.0241642,-0.0241513,-0.0241331,-0.0241098,-0.0240812,-0.0240475,-0.0240084,-0.0239642,-0.0239146,-0.0238597,-0.0237995,-0.0237338,-0.0236628,-0.0235863,-0.0235043,-0.0234168,-0.0233237,-0.023225,-0.0231205,-0.0230103,-0.0228943,-0.0227724,-0.0226446,-0.0225107,-0.0223707,-0.0222246,-0.0220721,-0.0219133,-0.021748,-0.0215762,-0.0213977,-0.0212124,-0.0210202,-0.020821,-0.0206146,-0.0204009,-0.0201798,-0.0199511,-0.0197146,-0.0194702,-0.0192177,-0.018957,-0.0186877,-0.0184098,-0.018123,-0.017827,-0.0175216,-0.0172067,-0.0168818,-0.0165467,-0.016201,-0.0158446,-0.015477,-0.0150978,-0.0147068,-0.0143033,-0.0138871,-0.0134576,-0.0130143,-0.0125566,-0.0120841,-0.011596,-0.0110917,-0.0105704,-0.0100314,-0.00947372,-0.00889656,-0.00829889,-0.00767963,-0.00703763,-0.00637164,-0.00568032,-0.00496223,-0.00421585,-0.00343956,-0.00263165,-0.00179032,-0.000913733,-1.21335e-26
0,-0.000959678,-0.00188207,-0.00276894,-0.00362201,-0.00444295,-0.00523337,-0.00599482,-0.00672875,-0.00743654,-0.0081195,-0.00877884,-0.00941569,-0.0100311,-0.0106261,-0.0112016,-0.0117584,-0.0122973,-0.0128191,-0.0133245,-0.0138141,-0.0142885,-0.0147483,-0.015194,-0.0156261,-0.0160451,-0.0164513,-0.0168453,-0.0172274,-0.0175979,-0.0179572,-0.0183056,-0.0186434,-0.0189709,-0.0192884,-0.0195962,-0.0198944,-0.0201833,-0.0204631,-0.0207341,-0.0209964,-0.0212502,-0.0214957,-0.0217331,-0.0219625,-0.0221841,-0.022398,-0.0226044,-0.0228033,-0.022995,-0.0231796,-0.0233571,-0.0235276,-0.0236914,-0.0238483,-0.0239987,-0.0241425,-0.0242798,-0.0244108,-0.0245354,-0.0246538,-0.024766,-0.024872,-0.0249721,-0.0250661,-0.0251542,-0.0252364,-0.0253127,-0.0253832,-0.0254479,-0.0255069,-0.0255602,-0.0256078,-0.0256497,-0.025686,-0.0257167,-0.0257418,-0.0257613,-0.0257752,-0.0257835,-0.0257863,-0.0257835,-0.0257752,-0.0257613,-0.0257418,-0.0257167,-0.0256861,-0.0256498,-0.0256079,-0.0255603,-0.025507,-0.0254481,-0.0253834,-0.0253129,-0.0252366,-0.0251544,-0.0250663,-0.0249723,-0.0248723,-0.0247662,-0.024654,-0.0245357,-0.0244111,-0.0242801,-0.0241428,-0.023999,-0.0238487,-0.0236917,-0.023528,-0.0233574,-0.0231799,-0.0229954,-0.0228037,-0.0226048,-0.0223984,-0.0221845,-0.0219629,-0.0217335,-0.0214961,-0.0212506,-0.0209968,-0.0207345,-0.0204636,-0.0201837,-0.0198948,-0.0195966,-0.0192889,-0.0189714,-0.0186438,-0.018306,-0.0179576,-0.0175983,-0.0172278,-0.0168457,-0.0164517,-0.0160455,-0.0156265,-0.0151944,-0.0147487,-0.0142889,-0.0138144,-0.0133248,-0.0128194,-0.0122976,-0.0117587,-0.0112018,-0.0106264,-0.0100314,-0.00941592,-0.00877906,-0.0081197,-0.00743673,-0.00672892,-0.00599497,-0.0052335,-0.00444306,-0.0036221,-0.00276901,-0.00188212,-0.000959701,1.06101e-26
0,-0.00100387,-0.00197033,-0.00290104,-0.00379761,-0.0046616,-0.00549455,-0.00629792,-0.0070731,-0.00782142,-0.00854414,-0.00924243,-0.00991741,-0.0105701,-0.0112016,-0.0118126,-0.0124041,-0.012977,-0.0135318,-0.0140694,-0.0145904,-0.0150954,-0.0155849,-0.0160596,-0.0165199,-0.0169663,-0.0173993,-0.0178193,-0.0182266,-0.0186217,-0.0190049,-0.0193765,-0.0197369,-0.0200863,-0.0204251,-0.0207535,-0.0210717,-0.0213801,-0.0216788,-0.0219681,-0.0222481,-0.0225191,-0.0227812,-0.0230347,-0.0232796,-0.0235163,-0.0237447,-0.0239651,-0.0241777,-0.0243824,-0.0245795,-0.0247691,-0.0249513,-0.0251262,-0.0252939,-0.0254546,-0.0256082,-0.0257549,-0.0258948,-0.026028,-0.0261545,-0.0262743,-0.0263877,-0.0264946,-0.026595,-0.0266892,-0.026777,-0.0268585,-0.0269339,-0.027003,-0.0270661,-0.027123,-0.0271739,-0.0272187,-0.0272575,-0.0272903,-0.0273171,-0.0273379,-0.0273528,-0.0273617,-0.0273647,-0.0273617,-0.0273528,-0.027338,-0.0273171,-0.0272903,-0.0272576,-0.0272188,-0.027174,-0.0271231,-0.0270662,-0.0270032,-0.0269341,-0.0268587,-0.0267772,-0.0266894,-0.0265953,-0.0264948,-0.026388,-0.0262746,-0.0261547,-0.0260283,-0.0258951,-0.0257552,-0.0256085,-0.0254549,-0.0252943,-0.0251266,-0.0249517,-0.0247695,-0.0245799,-0.0243828,-0.0241781,-0.0239656,-0.0237451,-0.0235167,-0.0232801,-0.0230351,-0.0227816,-0.0225195,-0.0222485,-0.0219685,-0.0216792,-0.0213805,-0.0210722,-0.0207539,-0.0204255,-0.0200867,-0.0197373,-0.0193769,-0.0190053,-0.0186221,-0.018227,-0.0178197,-0.0173997,-0.0169668,-0.0165203,-0.01606,-0.0155853,-0.0150957,-0.0145907,-0.0140698,-0.0135322,-0.0129773,-0.0124045,-0.0118129,-0.0112018,-0.0105704,-0.00991767,-0.00924267,-0.00854436,-0.00782162,-0.00707328,-0.00629808,-0.00549469,-0.00466172,-0.0037977,-0.00290111,-0.00197038,-0.00100389,3.33537e-26
0,-0.0010464,-0.0020553,-0.00302823,-0.00396672,-0.00487225,-0.00574627,-0.00659017,-0.00740527,-0.00819287,-0.00895416,-0.0096903,-0.0104024,-0.0110914,-0.0117584,-0.0124041,-0.0130296,-0.0136356,-0.0142228,-0.0147919,-0.0153436,-0.0158786,-0.0163974,-0.0169006,-0.0173886,-0.017862,-0.0183213,-0.0187668,-0.0191991,-0.0196184,-0.0200251,-0.0204196,-0.0208022,-0.0211733,-0.0215331,-0.0218819,-0.02222,-0.0225475,-0.0228649,-0.0231722,-0.0234698,-0.0237578,-0.0240364,-0.0243058,-0.0245661,-0.0248177,-0.0250605,-0.0252948,-0.0255207,-0.0257384,-0.025948,-0.0261496,-0.0263433,-0.0265293,-0.0267076,-0.0268784,-0.0270418,-0.0271979,-0.0273466,-0.0274882,-0.0276228,-0.0277503,-0.0278708,-0.0279845,-0.0280914,-0.0281915,-0.0282849,-0.0283716,-0.0284518,-0.0285253,-0.0285924,-0.028653,-0.0287071,-0.0287547,-0.028796,-0.0288309,-0.0288594,-0.0288815,-0.0288974,-0.0289069,-0.02891,-0.0289069,-0.0288974,-0.0288816,-0.0288594,-0.0288309,-0.0287961,-0.0287548,-0.0287072,-0.0286531,-0.0285926,-0.0285255,-0.028452,-0.0283718,-0.0282851,-0.0281917,-0.0280916,-0.0279848,-0.0278711,-0.0277506,-0.0276231,-0.0274886,-0.027347,-0.0271982,-0.0270422,-0.0268788,-0.026708,-0.0265297,-0.0263437,-0.02615,-0.0259484,-0.0257389,-0.0255212,-0.0252953,-0.025061,-0.0248181,-0.0245666,-0.0243062,-0.0240368,-0.0237582,-0.0234703,-0.0231727,-0.0228654,-0.022548,-0.0222204,-0.0218824,-0.0215336,-0.0211738,-0.0208027,-0.0204201,-0.0200256,-0.0196188,-0.0191995,-0.0187673,-0.0183217,-0.0178625,-0.017389,-0.016901,-0.0163978,-0.015879,-0.015344,-0.0147923,-0.0142231,-0.0136359,-0.01303,-0.0124045,-0.0117587,-0.0110917,-0.0104026,-0.00969055,-0.00895439,-0.00819308,-0.00740546,-0.00659033,-0.00574642,-0.00487238,-0.00396682,-0.00302831,-0.00205535,-0.00104643,1.21258e-26
0,-0.00108738,-0.00213716,-0.0031508,-0.00412974,-0.00507536,-0.00598906,-0.00687215,-0.00772591,-0.00855156,-0.00935028,-0.0101232,-0.0108713,-0.0115957,-0.0122973,-0.012977,-0.0136356,-0.0142739,-0.0148927,-0.0154928,-0.0160747,-0.016639,-0.0171865,-0.0177176,-0.0182329,-0.0187329,-0.019218,-0.0196887,-0.0201454,-0.0205886,-0.0210185,-0.0214356,-0.0218402,-0.0222326,-0.0226131,-0.022982,-0.0233397,-0.0236862,-0.024022,-0.0243472,-0.0246621,-0.0249669,-0.0252617,-0.0255469,-0.0258225,-0.0260887,-0.0263458,-0.0265939,-0.0268331,-0.0270636,-0.0272855,-0.0274989,-0.0277041,-0.027901,-0.0280899,-0.0282708,-0.0284438,-0.0286091,-0.0287667,-0.0289166,-0.0290591,-0.0291942,-0.0293219,-0.0294423,-0.0295555,-0.0296615,-0.0297605,-0.0298524,-0.0299373,-0.0300152,-0.0300862,-0.0301504,-0.0302077,-0.0302582,-0.0303019,-0.0303389,-0.0303691,-0.0303926,-0.0304093,-0.0304194,-0.0304228,-0.0304194,-0.0304094,-0.0303926,-0.0303692,-0.030339,-0.030302,-0.0302583,-0.0302078,-0.0301506,-0.0300864,-0.0300154,-0.0299375,-0.0298526,-0.0297607,-0.0296618,-0.0295558,-0.0294426,-0.0293222,-0.0291945,-0.0290595,-0.028917,-0.028767,-0.0286095,-0.0284442,-0.0282712,-0.0280903,-0.0279015,-0.0277045,-0.0274994,-0.0272859,-0.027064,-0.0268336,-0.0265944,-0.0263463,-0.0260892,-0.025823,-0.0255474,-0.0252622,-0.0249674,-0.0246626,-0.0243477,-0.0240225,-0.0236867,-0.0233402,-0.0229826,-0.0226136,-0.0222331,-0.0218407,-0.0214361,-0.021019,-0.0205891,-0.0201459,-0.0196892,-0.0192185,-0.0187333,-0.0182334,-0.0177181,-0.0171869,-0.0166395,-0.0160751,-0.0154932,-0.0148931,-0.0142743,-0.0136359,-0.0129773,-0.0122976,-0.011596,-0.0108716,-0.0101234,-0.00935053,-0.00855179,-0.00772611,-0.00687233,-0.00598922,-0.0050755,-0.00412984,-0.00315088,-0.00213722,-0.00108741,-9.10203e-27
0,-0.0011269,-0.00221611,-0.00326903,-0.004287,-0.00527136,-0.00622341,-0.00714442,-0.0080356,-0.00889815,-0.00973319,-0.0105418,-0.011325,-0.0120838,-0.0128191,-0.0135318,-0.0142228,-0.0148927,-0.0155425,-0.0161727,-0.0167841,-0.0173773,-0.0179529,-0.0185115,-0.0190535,-0.0195796,-0.0200901,-0.0205856,-0.0210664,-0.021533,-0.0219858,-0.0224251,-0.0228513,-0.0232648,-0.0236657,-0.0240545,-0.0244314,-0.0247967,-0.0251507,-0.0254935,-0.0258255,-0.0261469,-0.0264578,-0.0267585,-0.0270492,-0.02733,-0.0276012,-0.0278629,-0.0281152,-0.0283583,-0.0285924,-0.0288176,-0.0290341,-0.0292419,-0.0294412,-0.0296321,-0.0298146,-0.029989,-0.0301553,-0.0303136,-0.030464,-0.0306065,-0.0307413,-0.0308683,-0.0309878,-0.0310997,-0.0312042,-0.0313012,-0.0313908,-0.031473,-0.031548,-0.0316157,-0.0316762,-0.0317295,-0.0317757,-0.0318147,-0.0318466,-0.0318713,-0.031889,-0.0318997,-0.0319032,-0.0318997,-0.0318891,-0.0318714,-0.0318466,-0.0318148,-0.0317758,-0.0317297,-0.0316764,-0.0316159,-0.0315482,-0.0314732,-0.031391,-0.0313014,-0.0312044,-0.0311,-0.0309881,-0.0308687,-0.0307416,-0.0306068,-0.0304643,-0.030314,-0.0301557,-0.0299894,-0.029815,-0.0296325,-0.0294416,-0.0292423,-0.0290345,-0.0288181,-0.0285929,-0.0283588,-0.0281157,-0.0278634,-0.0276017,-0.0273305,-0.0270497,-0.026759,-0.0264583,-0.0261474,-0.0258261,-0.0254941,-0.0251512,-0.0247973,-0.024432,-0.0240551,-0.0236663,-0.0232653,-0.0228519,-0.0224257,-0.0219863,-0.0215335,-0.0210669,-0.0205861,-0.0200906,-0.0195801,-0.019054,-0.018512,-0.0179534,-0.0173778,-0.0167846,-0.0161732,-0.0155429,-0.0148931,-0.0142231,-0.0135322,-0.0128194,-0.0120841,-0.0113253,-0.0105421,-0.00973345,-0.00889839,-0.00803582,-0.0071446,-0.00622357,-0.0052715,-0.00428711,-0.00326912,-0.00221617,-0.00112693,1.36416e-26
0,-0.00116503,-0.00229231,-0.00338315,-0.00443882,-0.00546061,-0.00644975,-0.00740746,-0.0083349,-0.00923321,-0.0101035,-0.0109468,-0.0117641,-0.0125563,-0.0133245,-0.0140694,-0.0147919,-0.0154928,-0.0161727,-0.0168325,-0.0174728,-0.0180942,-0.0186974,-0.0192828,-0.0198511,-0.0204028,-0.0209383,-0.0214581,-0.0219626,-0.0224523,-0.0229276,-0.0233888,-0.0238363,-0.0242704,-0.0246915,-0.0250999,-0.0254958,-0.0258796,-0.0262515,-0.0266118,-0.0269606,-0.0272984,-0.0276252,-0.0279412,-0.0282468,-0.028542,-0.0288271,-0.0291022,-0.0293675,-0.0296232,-0.0298693,-0.0301061,-0.0303338,-0.0305523,-0.0307619,-0.0309626,-0.0311547,-0.0313381,-0.031513,-0.0316795,-0.0318377,-0.0319876,-0.0321294,-0.0322631,-0.0323887,-0.0325065,-0.0326163,-0.0327184,-0.0328127,-0.0328992,-0.0329781,-0.0330493,-0.033113,-0.033169,-0.0332176,-0.0332586,-0.0332922,-0.0333183,-0.0333369,-0.0333481,-0.0333518,-0.0333481,-0.0333369,-0.0333183,-0.0332923,-0.0332587,-0.0332177,-0.0331692,-0.0331131,-0.0330495,-0.0329783,-0.0328994,-0.0328129,-0.0327186,-0.0326166,-0.0325068,-0.032389,-0.0322634,-0.0321297,-0.0319879,-0.031838,-0.0316799,-0.0315134,-0.0313385,-0.0311551,-0.0309631,-0.0307623,-0.0305528,-0.0303342,-0.0301066,-0.0298698,-0.0296237,-0.029368,-0.0291027,-0.0288276,-0.0285425,-0.0282473,-0.0279418,-0.0276257,-0.0272989,-0.0269612,-0.0266123,-0.0262521,-0.0258802,-0.0254964,-0.0251004,-0.0246921,-0.024271,-0.0238368,-0.0233893,-0.0229281,-0.0224528,-0.0219631,-0.0214586,-0.0209388,-0.0204033,-0.0198516,-0.0192833,-0.0186979,-0.0180947,-0.0174733,-0.016833,-0.0161732,-0.0154932,-0.0147923,-0.0140698,-0.0133248,-0.0125567,-0.0117644,-0.0109471,-0.0101038,-0.00923346,-0.00833512,-0.00740765,-0.00644992,-0.00546076,-0.00443894,-0.00338324,-0.00229237,-0.00116506,3.63851e-26
0,-0.00120186,-0.0023659,-0.00349336,-0.00458548,-0.00564346,-0.00666848,-0.00766171,-0.00862427,-0.00955726,-0.0104617,-0.0113387,-0.0121891,-0.013014,-0.0138141,-0.0145904,-0.0153436,-0.0160747,-0.0167841,-0.0174728,-0.0181414,-0.0187904,-0.0194205,-0.0200323,-0.0206264,-0.0212031,-0.0217631,-0.0223068,-0.0228346,-0.023347,-0.0238444,-0.0243271,-0.0247956,-0.0252501,-0.025691,-0.0261187,-0.0265334,-0.0269354,-0.0273249,-0.0277024,-0.0280679,-0.0284218,-0.0287642,-0.0290955,-0.0294157,-0.0297252,-0.030024,-0.0303124,-0.0305905,-0.0308585,-0.0311166,-0.0313649,-0.0316036,-0.0318327,-0.0320525,-0.032263,-0.0324644,-0.0326567,-0.0328402,-0.0330148,-0.0331807,-0.0333379,-0.0334866,-0.0336268,-0.0337587,-0.0338822,-0.0339974,-0.0341044,-0.0342033,-0.0342941,-0.0343768,-0.0344516,-0.0345183,-0.0345772,-0.0346281,-0.0346711,-0.0347063,-0.0347337,-0.0347532,-0.034765,-0.0347689,-0.034765,-0.0347533,-0.0347338,-0.0347064,-0.0346712,-0.0346282,-0.0345773,-0.0345185,-0.0344518,-0.034377,-0.0342943,-0.0342036,-0.0341047,-0.0339977,-0.0338825,-0.033759,-0.0336272,-0.033487,-0.0333383,-0.033181,-0.0330152,-0.0328406,-0.0326572,-0.0324648,-0.0322635,-0.0320529,-0.0318332,-0.0316041,-0.0313654,-0.0311171,-0.030859,-0.030591,-0.0303129,-0.0300245,-0.0297257,-0.0294163,-0.0290961,-0.0287648,-0.0284224,-0.0280685,-0.027703,-0.0273255,-0.026936,-0.026534,-0.0261193,-0.0256916,-0.0252507,-0.0247962,-0.0243277,-0.023845,-0.0233476,-0.0228352,-0.0223073,-0.0217636,-0.0212037,-0.0206269,-0.0200329,-0.019421,-0.0187909,-0.0181418,-0.0174733,-0.0167846,-0.0160751,-0.0153441,-0.0145908,-0.0138145,-0.0130143,-0.0121894,-0.011339,-0.010462,-0.00955752,-0.00862451,-0.00766192,-0.00666866,-0.00564361,-0.00458561,-0.00349346,-0.00236596,-0.00120189,1.51573e-26
0,-0.00123744,-0.00243701,-0.00359988,-0.00472723,-0.00582021,-0.00687996,-0.00790759,-0.00890419,-0.00987079,-0.0108084,-0.0117181,-0.0126007,-0.0134572,-0.0142885,-0.0150954,-0.0158786,-0.016639,-0.0173773,-0.0180942,-0.0187904,-0.0194665,-0.020123,-0.0207606,-0.0213798,-0.0219812,-0.0225652,-0.0231324,-0.0236831,-0.0242178,-0.0247368,-0.0252407,-0.0257298,-0.0262044,-0.0266648,-0.0271115,-0.0275446,-0.0279646,-0.0283716,-0.0287659,-0.0291479,-0.0295177,-0.0298756,-0.0302218,-0.0305565,-0.03088,-0.0311923,-0.0314938,-0.0317846,-0.0320648,-0.0323347,-0.0325943,-0.0328439,-0.0330835,-0.0333134,-0.0335335,-0.0337441,-0.0339453,-0.0341372,-0.0343198,-0.0344933,-0.0346578,-0.0348134,-0.0349601,-0.035098,-0.0352272,-0.0353477,-0.0354597,-0.0355631,-0.0356581,-0.0357447,-0.0358229,-0.0358927,-0.0359543,-0.0360075,-0.0360526,-0.0360894,-0.036118,-0.0361385,-0.0361507,-0.0361548,-0.0361507,-0.0361385,-0.0361181,-0.0360895,-0.0360527,-0.0360077,-0.0359544,-0.0358929,-0.035823,-0.0357449,-0.0356583,-0.0355634,-0.0354599,-0.035348,-0.0352275,-0.0350983,-0.0349604,-0.0348137,-0.0346582,-0.0344937,-0.0343202,-0.0341376,-0.0339458,-0.0337446,-0.033534,-0.0333139,-0.033084,-0.0328444,-0.0325949,-0.0323352,-0.0320654,-0.0317852,-0.0314944,-0.0311929,-0.0308805,-0.0305571,-0.0302224,-0.0298762,-0.0295183,-0.0291485,-0.0287665,-0.0283722,-0.0279652,-0.0275452,-0.0271121,-0.0266655,-0.026205,-0.0257304,-0.0252414,-0.0247375,-0.0242184,-0.0236837,-0.023133,-0.0225658,-0.0219818,-0.0213804,-0.0207612,-0.0201235,-0.019467,-0.0187909,-0.0180947,-0.0173778,-0.0166395,-0.0158791,-0.0150958,-0.0142889,-0.0134576,-0.0126011,-0.0117184,-0.0108087,-0.00987107,-0.00890443,-0.00790781,-0.00688015,-0.00582037,-0.00472736,-0.00359998,-0.00243707,-0.00123747,-6.07057e-27
